(LIBRIS)10348718
(LIBRIS)1168111
(LIBRIS)11705226
13505084
1368275X
14015382
1401582X
14022702
14031108
14037084
14705958
14709511
14719185
(LIBRIS)1545642
1650710X
(LIBRIS)16723054
(LIBRIS)16723180
(LIBRIS)16723288
(LIBRIS)16723359
(LIBRIS)16737893
(LIBRIS)16743359
(LIBRIS)16743366
(LIBRIS)16743387
(LIBRIS)16743391
(LIBRIS)16990482
(LIBRIS)16997630
(LIBRIS)16997661
(LIBRIS)16999839
(LIBRIS)16999867
(LIBRIS)17000399
(LIBRIS)17039777
(LIBRIS)1741514
(LIBRIS)1953594
(LIBRIS)2081907
(LIBRIS)2259554
(LIBRIS)2467240
(LIBRIS)2595568
(LIBRIS)2716246
(LIBRIS)2791908
(LIBRIS)2852246
(LIBRIS)3110142
(LIBRIS)3129795
(LIBRIS)3158492
(LIBRIS)3234573
(LIBRIS)3264733
(LIBRIS)3406672
(LIBRIS)3410355
(LIBRIS)3410369
(LIBRIS)3410370
(LIBRIS)3412053
(LIBRIS)3412713
(LIBRIS)3414704
(LIBRIS)3414905
(LIBRIS)3415332
(LIBRIS)3416603
(LIBRIS)3417214
(LIBRIS)3418502
(LIBRIS)3418626
(LIBRIS)3419246
(LIBRIS)3420466
(LIBRIS)3424996
(LIBRIS)3427058
(LIBRIS)3427636
(LIBRIS)3428879
(LIBRIS)3491962
(LIBRIS)3509750
(LIBRIS)3512648
(LIBRIS)3598598
(LIBRIS)3602718
(LIBRIS)3637778
(LIBRIS)3678543
(LIBRIS)3678940
(LIBRIS)3686903
(LIBRIS)370259
(LIBRIS)370887
(LIBRIS)370990
(LIBRIS)3712351
(LIBRIS)3733137
(LIBRIS)3760705
(LIBRIS)3762026
(LIBRIS)386324
(LIBRIS)3917726
(LIBRIS)3929692
(LIBRIS)3987060
(LIBRIS)3991264
(LIBRIS)417319
(LIBRIS)420918
(LIBRIS)420927
(LIBRIS)421557
(LIBRIS)424940
(LIBRIS)424942
(LIBRIS)4379754
(LIBRIS)4386259
(LIBRIS)4405708
(LIBRIS)4423107
(LIBRIS)524697
(LIBRIS)582949
(LIBRIS)659933
(LIBRIS)744038
(LIBRIS)747713
(LIBRIS)780450
(LIBRIS)786413
(LIBRIS)786414
(LIBRIS)786416
(LIBRIS)786825
(LIBRIS)8217724
(LIBRIS)8236440
(LIBRIS)8257619
(LIBRIS)8257830
(LIBRIS)8258122
(LIBRIS)8258222
(LIBRIS)8259329
(LIBRIS)8260398
(LIBRIS)8261315
(LIBRIS)8261325
(LIBRIS)8261367
(LIBRIS)8261368
(LIBRIS)8262798
(LIBRIS)8264320
(LIBRIS)8264482
(LIBRIS)8266906
(LIBRIS)8267316
(LIBRIS)8267367
(LIBRIS)8267557
(LIBRIS)8268496
(LIBRIS)8272063
(LIBRIS)828729
(LIBRIS)828734
(LIBRIS)828749
(LIBRIS)829174
(LIBRIS)829901
(LIBRIS)833661
(LIBRIS)8457725
(LIBRIS)8462309
(LIBRIS)8550429
(LIBRIS)8727454
(LIBRIS)877750
(LIBRIS)883323
(LIBRIS)8883467
(LIBRIS)8930453
(LIBRIS)9079278
(LIBRIS)916599
(LIBRIS)9846520
(LIBRIS)9846562
(LIBRIS)9855454
(LIBRIS)9900695
9919714062
9934881888
(LIBRIS)9938719
(LIBRIS)9989498
14696460
15234614
00014664
00014788
00018295
00018961
00019607
00019658
00027162
00031305
00040894
00045608
00055395
00055441
00076457
00076813
00076899
00077135
00083658
00105546
00117315
00130095
00130249
00130451
00133183
00142433
00142867
00143162
00147591
00151998
00167363
00167398
00167428
00167460
00167487
00178012
00187267
00194662
00197440
00202754
00205745
00206490
00207276
00207543
00207888
00208957
00218499
00218863
00219215
00219452
00219460
00219886
00219916
00220388
0022278x
00224146
00224359
00224537
00235962
00245380
00251925
00252034
00253618
00257079
00260010
00261386
00280453
00291358
00306460
00315702
00315745
00315761
00322687
00330124
00332909
00333476
00333700
00335797
00336807
00343404
00346586
00369292
00377651
00380342
00391654
00395781
00396567
00396591
00396850
00405833
0040747x
00411647
00420980
00469580
00470724
00472336
00475394
00485853
00773646
00904848
00920703
0094064x
00948594
00952583
00954918
01436295
0143831x
01439782
01441027
01442872
01443585
01471554
01600176
01640704
01650750
01672533
01687778
01708406
01902083
01925660
01953613
02506505
02512920
02521148
02626969
02650487
02651335
02662426
02662671
02667002
02675730
02683911
02683946
02686384
02692171
02707314
02723638
02724332
0272989x
02756668
02761467
02775921
02776693
02786087
0280414x
02807823
0281739x
02823624
03036898
0304260x
03044297
03050483
03059049
03063070
0306686x
03067734
03085147
03091317
03091325
03425843
03450619
03452646
03452697
03452719
03457761
03458555
03461254
03462218
03465381
03468208
03473120
03473139
03485153
03486516
03486583
03487830
03488365
03496694
03496740
03585522
03649156
03772217
03777332
03785920
04746279
04862902
04866134
05218845
05521254
07332491
07363761
07385587
07426046
07474938
07497075
08057508
08189935
08239150
08943257
08954186
08955638
08984484
09208550
0922680x
09235957
09237992
0924865x
09369937
09437142
09492984
09512748
09527486
09528776
09536620
09540113
09541748
09541985
09543031
09561498
09582053
09585192
09593969
09596941
0960085x
09601627
09606491
09615326
09628770
09631798
09638008
09644733
09657576
09658564
09670750
09685650
0969059x
10107347
10149562
10408460
10434062
10438599
1046669x
10529187
10556001
1055615x
10579230
10586407
10587365
10591478
10598596
10778004
10781196
10808620
10928332
11001275
11005815
11007761
11017961
11022213
1102819x
13514393
1351847x
13545701
13547798
13590790
13592750
13613049
13639196
13642758
13669877
13806653
13826662
14001829
14012006
14356104
14621312
14631377
14636786
14671654
9901280788
990161290x
9901612942
9902732976
9903109229
990422353x
9904326843
9905143319
9905212159
9905897631
9906056150
9907360368
9908222155
9908289543
990880071x
9908956779
9908995294
9909091968
(LIBRIS)8263678
9912419588
9912419790
9912694643
9912734440
9913334241
9920261947
9923164527
9923817806
9925934702
9931965703