726454
8213459
2390537
2390538
2391174
2391416
2396118
2399727
2401727
2405770
2405809
2406967
2407009
2409106
2409458
2411290
2411291
2411292
2411293
2411294
2411295
2411296
2411297
2411298
2411299
2411789
2411790
2411791
2411792
2411793
2411794
2411795
2411796
8230960
2413171
2413225
2413312
2413313
2413314
2413315
2413316
2413317
2413318
2413319
2413572
2413573
2413575
2413576
2413577
2413587
2413858
2413982
2414005
2415745
2415746
2415747
2415748
2421076
2426564
2427047
2428915
2431517
2431518
2431519
2431520
2431521
2433195
2433245
2434866
2435734
2435977
2436486
2438027
2440136
1982857
2166472
2497645
2497650
2514635
2514814
2515719
2515747
2515782
2515862
2516340
2516612
2517881
2519027
2519047
2519451
2519457
2519460
2519462
2532804
2543125
2555127
2595135
2056781
2058846
2662525
2662526
2667777
2672915
2676670
2683062
2683063
2720494
2737777
2737778
2737779
2737780
2737781
2750824
2758737
2758739
2780596
2780620
2892798
2894078
2928493
2976918
3026033
3034157
3045549
2376947
3069653
3093743
3105558
3128474
3128490
3128558
2142438
3141058
3145135
2293303
3153949
3154923
3199870
3199871
3199875
1567801
3290762
3291258
3293015
3305422
8860308
9751534
1982758
10395733
10176973
14289145
