9789127759022
9789121179116
9789121177310
9789127627550
9789127626430
9789127629547
9789127623057
9789127623125
9789127623156
9789127757189
9789140620460
9789127622784
9789127753693
9127753689
9789127757196
9789121179079
9789121177945
9789121177983
9789127759183
9789121177914
9789127629578
9789127627642
9789127757837
9789140613141
9789121144459
9789127759305
9789127759312
9789127758834
9127622827
9789127617254
9789127617339
9789127624429
9789125040245
9789127507449
9789127758865
9789127757219
9127413330
9127413829
9127413985
9127413357
9789127757240
9127409694
9127409708
9127407055
9127412512
9127412717
9789140630605
912741440X
9127414345
912741437X
9127414310
9127687597
9127414396
917351019X
9789140631367
9127414361
912775720x
9789127627000
9127408914
9147092513
9789127626997
9127623491
9789127759091
9789127759220
9789127759343
9789127758841
9789127759138
9789127498259
9789127498228
9789140620057
9789127622777
9789127617421
9789127617438
9789127622814
9789140630612
9789121165249
9789121179109
9789121179109
9789140636546
9789140636539
9789140636577
9789121177488
9789121177488
9789127635913
9789127635937
9789127635920
9789140620033
9789127759008
9127727521
9789127736313
9127616126
9127594475
9789127594463
9789127736290
9789127730571
9789140631480
9789127732681
9789127732698
9789127408159
9789127760141
9789127760158
9789127760134
9789127738683
9127616142
9789127614062
9789127613355
9789127614000
9789127613478
9789127613416
9789127613430
9789127773820
9789127613331
9789127633346
9789127633339
9789140619570
9789127587694
9789140619525
9789140624567
9789140620392
9789140619518
9789140612007
9789127498143
9789127498204
9789127498167
9789127587700
9789127734876
9789127498235
9789127498198
9789127498150
9789177621362
9789127733084
9789127634749
9789127634763
9789127634756
9789127663633
9789127664371
9789127664388
9789127664364
9789127664357
9789127732803
9789127732797
9789127663640
9789127732766
9789127732773
9127723356
9789127663619
9789127761988
9789140631978
9789140636683
9789127634633
9789127634732
9789127634664
9789127634695
9789127634725
9789127634688
9789127634787
9789127664128
9127727548
9789127408166
9789127634640
9789121144435
9789127664258
9789127664227
9789127664166
9789127664197
9789127664203
9127727505
9789127664210
9789127664142
9127408787
9127727513
9127727483
9127727491
9789140635006
9789140632661
9789140635013
9789140632654
9789127594258
9789127732476
9789127732469
9789127732353
9127727564
9789127732483
9789140623645
9127727572
9789127499089
9789127732452
9789127732506
9789127732438
9789127663657
9789127499003
9789127498976
9789127499072
9789127498952
9789127498969
9789127650824
9789127636354
9789127732865
9789127732445
9789127663626
9127635201
9789127615052
9789127615090
9127411702
9127638758
9127638650
9127638685
9789127615069
9127638669
9127638707
9127638731
9127723178
9789127739178
9789127739130
9789127739192
9789127736252
9789127736276
9127407969
9127408191
9789177621379
9127723119
9127723100
9127723151
9127411052
9789127736337
9789127769526
9789127769519
9789127769489
9125070134
9125070363
9127723143
9127723143
9789127769502
9127407977
912740806X
9127415724
9127408140
9789127736306
9789140637505
9789127615038
0394800168
039480029X
9127723127
9789127615045
9789127615113
9789127615076
9789127614994
9789127615021
9789140630148
9789140629944
9789140635464
9789140630360
912741020X
9127727580
9127412725
9789121147719
9789127605671
9789121175637
9789121175644
9789121175798
9789121175811
9789140625229
9789140625236
9789127629516
9789140635952
9789127613737
9789127613836
9127613984
9789127613744
9789127613843
9789127613935
9789127627611
9127613968
9127613992
9789127613850
9127613976
9127614077
9789127606173
9789127606616
9789127606623
9789127606630
9789127629523
9789127606227
9789127606210
9789127606401
9789127606418
9789127606425
9789127606432
9789127606449
9789121147955
9789121147948
9789121147931
9789121147924
9789121147917
9789121168868
9789121175569
9789121175576
9789121147900
9789121147979
9789140639530
9789127615908
9789127615892
9789121168844
9789121168844
9789121175620
9789127605404
9789127605411
9789127605428
9789140642110
9789127605435
9789127605442
9789127605459
9789127605282
9789127605299
9789127605305
9789127605336
9789140642127
9789127616639
9127618595
9789127616660
9789127605497
9789127605503
9789127605510
9789140626950
9789140631855
9789140630063
9789127617513
9789140626912
9789140626905
9789127605756
9789127605794
9127616878
9789127605817
9789127605749
9789127607125
9789127605787
9789127605763
9789127605800
9789127613867
9789140632531
9127575799
9789127575714
9127575772
9127575810
9127575780
9789127575646
9789140614124
9789140619372
9789140619389
9789140614155
9789140614209
9789121175460
9789121125250
9789140621627
9789127575592
9789127575578
9127575845
9789140621658
9789140621634
9789127752412
9789140614247
9789140620675
9789140619396
9789140614261
9789140627049
9789140626981
9789140627032
9789121175514
9789121175453
9789127575561
9789140627490
9127410595
912761641X
9127638537
9789127623217
9789127629912
912761851X
9127618501
9127618536
9127618528
9127618404
9127618390
9127618366
9127406431
9127406423
9127406415
9127578305
9127413306
9127411664
9127411680
9127411672
9789127627413
912741289X
9127412768
9127412911
9127410765
912741051X
9789127629905
9127410528
9127410773
9127410838
9127410544
9127410676
9127410684
9127410552
9127410560
9127410854
9127410706
9127410714
9127410587
9127410501
9127410633
9127410978
9127412733
9127412741
9789127635548
9127412784
9127412709
9127409678
912740966X
9127409716
912740708X
9789127635449
9127414604
9127414590
9127414582
912509002X
9127416437
9127410617
9789162226596
9127411656
9147084863
9147082097
9147084944
9789162226602
9125070037
9789127635579
9789177127352
9789121176979
9789121218211
9789127635593
9789127623323
9789140636317
9789140636324
9789121175392
9789121175583
9127416186
9127417026
912761395X
9789127613928
9789121175378
9789121177327
9789121175385
9789121175361
9789121175347
9789121175026
9789121175354
9789121175248
9789127630475
9789127630444
9789140639486
9789140637703
9789127629455
9789127623286
9789127605695
9789127605855
9789127910591
9789127605879
9789127604872
9789127613140
9789127613157
9789127605114
9789127613133
9789127623279
9789127613126
9789127635470
9127622924
9789140622976
9789140623454
9789177248194
9789121147832
9789127617605
9789127617612
9789127605619
9127622967
9789127605701
9789127606531
9789127604742
9789127604803
9789127604735
9789127629622
9789127508361
9789127605831
9789127606593
9789162226589
9789127612372
9789127612365
9789127615830
9789140637222
9789140641069
9789121147764
9789121147733
9789140636348
9789127624412
9789127624405
9789121177921
9789140627339
9789140636249
9789127627420
9789127606234
9789170690822
