9900133269
9901200024
9901200059
9901200067
18193
31532
2801700568
49894
9900474864
9909461706
9909462192
9900532643
9900532988
9991261702
64754
65865
65866
9900694104
85647
9901372410
2209052459
9923499952
9901579651
102065
102066
103074
111181
9991400524
9172300248
9138030152
918554003X
9185540048
9185540080
124123
124124
124125
124126
124349
9170420645
917042070X
9902146597
130138
131877
133625
133626
138426
138838
141620
990133859X
9901394953
9901556643
9901643899
9901724732
9901724775
9901724783
9901788447
9902094953
9902254012
9902468454
9902678122
9903140975
9903011474
149704
9171620907
162777
990950846X
9173440035
9173440051
9901554020
166887
2869580517
168186
9901582547
9901582571
173956
174330
174331
178091
179377
9197027626
9901716543
9170181713
9170181853
9170182000
9170181721
9170181861
9170182019
186014
9903868456
193210
9140520692
9174920219
9170181527
9170181802
9170181535
9170181810
9170183767
9170184011
215466
224411
224412
9902189180
9516622429
236581
236934
236935
9170525323
9900309936
9902335381
990499384X
9902474446
258250
258251
9902451942
9124156000
9902486835
9902486843
9155411118
9155412297
9155413528
9155414591
9155416462
9155418007
9155419550
9912253515
0906219043
0906219167
9902567215
9902998410
282505
282799
9902467857
9138085771
9903555032
286878
9902718124
292853
9902993656
310586
9903678932
9903683286
990576707X
9905767088
9186120034
9903792190
325882
325883
9903440618
9904174059
990340770X
9126858703
9903845154
339284
344785
345275
9903659253
9144231210
353995
356089
358649
9140204693
364155
9175600668
9175600676
9175600749
9175600803
9175600811
9903812612
9903812663
9905846115
379185
9904495602
394471
394472
400765
9904149593
9909490226
8206511
417527
417528
417529
9912660978
9924694686
990763204X
440101
990687371X
9909053721
9121046328
9185402788
448378
9903897391
990464103X
2130413773
9179705715
463047
9127630145
8207478
472492
473133
9908418602
9908418629
9908418661
9904960488
9175181029
480555
9173220523
486933
502191
502629
9904595534
9909403358
509136
9905307567
9905307583
9913080304
511930
516034
9907413526
912775104X
9906872551
520581
523595
9176944476
9176944484
9176944492
9176944506
9176944514
9176944522
9176944530
9905498370
9905501843
9905504451
9171141200
539222
540950
542909
542910
9123090367
9915658044
568060
574283
577203
8209861
584024
9176944719
9176944727
9176944735
585484
586050
9186788019
588502
588999
589000
589001
589002
9906085614
990610905X
9906125373
9906161264
600956
611450
990637747X
620223
623600
9906442204
9906445599
9906445610
9907719714
9908490532
9906461810
9147262826
637063
640316
9170183163
646931
9906632348
650321
9170265895
653200
9151230313
661647
9906792361
9906792868
9906797452
9906797509
9176944808
664942
669633
670058
670060
671464
671476
671502
671511
671517
671525
671537
671549
671802
675075
681468
683089
690513
692427
692767
693045
694538
694915
696989
701684
704306
704310
9907330604
9909202670
9909202743
9912395484
9912879120
717633
9908555480
9907389498
724088
724089
9907430579
9907469831
9907498351
9909059762
9907519650
9907521434
9907521639
9907532886
9915518897
9915553137
9176944638
9176944646
9907547670
9908485806
9912808142
9912808215
9907703249
753534
9907734101
9912879147
9907801003
9197091901
767789
767790
768854
768855
768856
768857
768858
8212846
769343
3303096
9907932795
777074
791536
797461
9908230611
9908234056
8213438
9908341189
9908353683
990849564X
9908497464
9908508415
990850844X
9908508458
9912277538
9908510754
828487
9908516531
9908517309
9185632074
9185632082
9908522868
9908523392
9908529579
9197088927
9908533169
9909314681
9912416716
9914653626
9916093687
9918055421
9908555812
9121054509
9908557564
838963
839328
842381
9908688774
9908688790
850827
9912934881
9912671341
866910
990896593X
872118
9155209769
9155209777
878063
9152675629
9152676420
915267648X
9912644573
881090
9909094479
9909094517
9909094541
886605
9909130777
889513
891453
9909233061
9909233150
9909253550
9909253631
9909253682
9909253720
897187
9909261626
9909261642
9909261685
9913430712
900907
900908
9909294184
902854
902855
902856
9909307014
908069
909597
912167
912978
912979
9909431041
9909431076
9915005814
990943623X
9909436310
9909439492
990943962X
9909439786
9909442159
9909448998
9912934415
9909449013
990944903X
9187946025
9909449064
9176945219
9176945227
9176945235
9176945243
9519608907
990948854X
9912776690
9912776755
9912776771
9912776887
9912776968
9912776992
9912777034
9912777050
9916119813
9909506106
9916113858
990950653X
9909506718
9912649613
9912649664
9912649672
9912649737
9913689015
9916115451
9919226785
9909508214
917688175X
3680345
9910992647
9176945146
9176945154
9908518704
9912164229
9920336998
9920337064
1169267
9912275802
9912549996
9921131419
991285862X
9912858646
9185870765
1189437
9912392159
9912934830
1192085
1192795
1194411
9916335699
1200813
1207623
9912644441
9912650166
9916115591
9912656865
9912934296
9187946068
9187946009
9187946084
9912730003
9912730054
9175181142
9175181150
9912783824
9912797752
9912797779
9912797817
991279785X
9912834542
1238816
9906873671
9908508474
9912104420
9912971272
9914975771
9918168390
9921686313
9188740005
9188740048
9197166103
9197166154
9197166170
1268138
9913029503
9913218500
8218032
991331948X
9177244249
9177244958
917724902X
1295818
9915974582
9915974752
9915974795
992307207X
1305408
9187946076
9187946092
9187946602
9913650151
1317182
1317375
991371379X
1323593
1329059
1330020
1330082
1330216
1330326
1330918
1331340
1331347
9913861608
1332238
1332375
1332390
1332855
1332900
1333362
1333427
1334276
1334303
1334543
1334548
9913897998
1336066
1336260
1336661
1337997
1337998
1338053
1338108
1338196
1339194
1339437
1340004
1340443
1340524
1340952
1342151
1342898
1342930
9913974461
8218850
9913997119
9914394744
9914394787
1346928
1347154
1347159
1347385
1347526
1347933
9914040888
1349366
1349509
1349729
1349780
1349940
1350166
1350321
1350335
9914057470
1351415
1351563
1351792
1352555
1353167
1353229
9914083579
1353403
1353941
1354099
1354131
1354413
1354514
1354611
1354842
1354863
1354904
9914103499
1355418
1355420
9914106293
1355862
1356133
1356294
8219008
1356882
9914120598
1358300
1360660
1360726
9914167055
1361417
1361477
1361849
1362338
1362412
1362518
1362660
1362960
1363418
1363635
1363836
1363911
1363913
1364038
1364408
1364523
1365445
1365597
1365603
1366018
1366028
1366100
9914216056
1366493
1366573
1366586
1366657
1366868
1367572
1367944
1367996
1368614
1368647
1368649
1370062
1370171
1370177
1370204
9914260977
9914266630
1371458
1371979
1372705
1372722
1372801
9914292100
1373500
1373851
1375147
1375357
1375418
1375423
1375472
1375954
1376372
1376658
1376873
1376921
1376925
9914329667
1377199
1377301
1378291
1378428
1378429
1378430
1379035
1379493
1379547
1379582
1379850
1380003
1380031
1380178
1380226
1380227
1380653
1380745
1380829
1381171
1381457
1382008
1382098
1382178
1386144
9914429335
1386724
1386800
1387583
1387705
1388075
1388092
9914447732
1388961
1389257
1389862
1390121
1390353
1391060
9914482228
9914498175
991555544X
9915555474
1395227
1395907
1396469
1397412
1397505
1397546
1397675
1398114
1398336
9914553907
1400763
1400859
1401408
1401599
1401652
1402434
1402949
1403643
1403707
1404543
1404846
1408261
1408473
1409218
1410093
1410639
1410640
1410864
1410965
1411312
1411732
1412156
1412157
1412163
1412761
1412986
1412991
1413116
1413221
1413508
1413905
1413911
9914719937
1414009
1414013
1414137
1414163
1414259
1417137
9914760066
1417918
1418010
1418323
1419764
1419920
1420110
1420119
1420920
1421363
1421475
9914802524
1421941
1422172
1422361
1422720
1422875
1427150
1427335
1427393
1427961
1427980
1429283
1429443
1429446
8220001
1429954
1430081
1430242
1430323
1434121
1434132
1434507
1434536
1434881
1435120
991497791X
9914978061
991497810X
9914978312
9914978355
9914978363
9914984487
1442234
1442419
1442486
1442630
1443732
1444379
1444696
1445355
1445629
1445639
1445813
1445934
991504786X
1446223
1446224
1446225
1446228
1446730
1446897
1447059
1447091
1447173
1447742
1447843
1448769
1448813
1449134
1449220
1449283
991509874X
991509888X
9915099371
1451553
1451903
8220358
1451968
1452047
1452081
9915110324
1452844
1453092
1453329
1453361
1453507
1454075
1454213
1454496
1454852
1455048
1455612
1455634
1456137
1456194
1456224
1456254
9915152981
9915155085
1457059
1457321
1457773
1457943
1458246
1458248
1458687
1458805
1459031
1459071
1459186
1459430
1461293
1462314
1462548
1463180
1464326
1467876
1467960
1467987
1468666
1468675
1468836
1469128
1469635
1469766
1469909
1470941
1471622
1471858
1471965
1472459
1474104
1474248
1474675
9915340605
1474927
1475123
1475478
1475925
1476168
1476417
1476534
1476542
1476562
1476563
1476694
1476993
1481559
1481801
1481844
1481845
1481847
1482485
1482496
1483317
1483563
9915431228
1484912
1485320
1486367
1486664
1487607
1492652
9915525451
1492905
1492994
1493012
1493818
1493947
1493954
1493988
9915539320
1494132
1494197
1494226
1494466
1494741
1494746
9905270809
9915631235
9915631243
9915631251
991563126X
9915631308
9915632843
9915632886
9915632916
9915632924
9915632940
9915632959
9915632975
9915632983
9915632991
9915633009
9915633017
9915633033
9915633041
9915633440
9915633483
9915633513
9915633521
991563353X
9915633548
9915633661
991563367X
9915633688
991563370X
9915633726
9915633734
9915633769
9916090807
9916090831
9916090858
9916090874
9916090912
9916090939
9916090947
9916090955
991609098X
9916091129
9916091161
991609120X
9916091218
9916091242
9916091277
9916091641
9918044829
9918044845
9918044888
9918044918
9918044942
9918044950
9918044977
9918044993
9918045078
9918045094
9918045116
9918045132
9918045175
9918045205
9918045213
9918979321
9922131609
9922131978
9922134721
9922134837
9922134853
992213487X
992213490X
9922134918
9922134942
9922134977
9922134993
9922135094
9922135132
9922135167
9922135183
9922135191
9197235636
9915779704
9915946937
9915835353
9915835361
991583568X
991583571X
9915835728
9915835736
9922125595
9915835868
9915835876
9915835884
1538099
1538101
1538102
1538103
9917926798
1545844
9913048559
1555532
1640624
1641100
1641333
1641357
9917106782
9917130470
1644724
9917142002
1645714
1648857
1648873
1649006
1649066
1649101
1649102
1649113
1649242
1649243
1649551
1649832
1649913
1649970
1650073
1650144
1650176
1650481
1650762
1650781
1650842
1650856
1651140
1651380
1651418
1651508
1651906
1651942
1651943
1652098
1652411
1652516
1652891
1652917
1653184
1653262
1653281
1653526
1653568
1653661
1653724
1653797
1653844
1654069
1654175
1654211
1654396
1654473
1654479
1654485
1654597
1654600
1654631
1655599
1655660
1656100
1656156
1656239
1656340
1656341
1656528
1656768
1656850
1657082
1657288
1657290
1657291
1657295
1657296
8222898
1657533
1657551
1657569
1657645
1658021
1658216
1658233
1658259
1658472
1658627
1658655
1658780
1659257
1659403
1659408
1659422
1659425
1659620
1659633
1659717
1659813
1659905
1660024
1660453
1660465
1660535
1660628
1660634
1660686
1660737
1660771
1661211
1661290
1661355
1661510
1661511
991734263X
991734635X
1662807
1662890
1663001
1663002
1663438
1663448
1663451
1664757
1665465
1671127
1671128
1671253
1672569
1672813
1673162
1673679
1677244
9917513981
9917517650
1680734
1684786
1686130
1686198
1686444
1687187
1688869
9917618333
1689417
1689931
9923754790
992375488X
9923754901
9923754952
9923754987
9923754995
9163016850
9163016877
1700189
1700191
9138128837
9138304198
9138306980
9917860924
9924857798
9917860983
9917861114
9917861254
9917861319
9917864725
9917864997
9912104188
9163039354
917238140X
1719387
9918412445
9918412461
9918412496
9170850925
1720806
1720809
1721214
9917966277
9918878800
1726094
1726164
1726175
9918005041
1726416
1726417
1726418
9918008199
1726919
9918012757
1727071
1727208
1727376
1727495
1727528
1727790
1728514
1729050
1730325
9918053461
9918055065
1733506
1734407
1735622
1735811
1739122
1739354
9171100008
9171100024
1743199
1744299
9918201940
1745409
1745835
992319728X
9920713937
1749373
1753880
9919722693
9197198943
919719896X
9918694904
9518902356
9518902399
1788776
1794607
9197229806
9918960957
9918960973
9176945502
9176945510
9176945529
9919020206
1815957
1816432
1819045
1822897
9919119288
991911930X
9919119326
991911944X
9919119466
9919119490
1831310
1832061
1836153
1853657
1855206
1867935
1874087
9921697145
9186644149
9186644165
1880006
9170165920
9915601077
1889522
1893469
1902369
9920066826
9922564289
9187198169
9922983583
9922983605
9922983621
9923186458
9923193578
9923193616
9923193756
9923193772
9923193780
9920340855
9920340936
9920351164
9174649507
9920452289
1956224
1956239
9162207458
9162207490
1975393
992330695X
9158672095
9922969491
9921013319
992106990X
9922025086
2008459
2009294
9922117576
9921178105
9921219847
9170271623
2023676
2028631
2032393
9171479066
2041421
2041510
9163036584
9921456954
9921445944
992152531X
9922113090
9921619764
992162945X
9922117452
2804119769
9921698524
9923686841
9155227376
9155227872
2073079
9922947080
9921927914
2089536
2091924
2095858
9922147971
2106463
919718442X
9922176637
9922185571
9922225328
2114613
9188610063
2116779
9921742795
2120605
2120607
2128171
9174649531
9922515768
2140803
9924128397
2147205
2150509
9185956155
9185956252
9923620964
9922652099
9922652412
9922660172
9917911847
9919451495
9919625434
9919651451
9919651508
9922719754
9922719789
9188178161
2161737
2171000
2171445
2177891
9923197336
2181264
2187360
9909234602
9919450359
9921067095
9922218569
9923196259
9923196291
9923196321
9923149994
9923150003
9923150054
9923150062
8228594
9923197166
9923194574
9923194639
9923194655
9923194698
9163023717
916303798X
9923319113
9923319164
9923325709
9923325725
9923325733
992332575X
9923325776
9923325784
9923325806
9923325822
9923325830
9187710080
2216614
9155227325
9162207555
9170992681
2220691
9925749050
2224577
9924308352
9925984033
9923658333
9923719030
2346846
2376188
2379960
2386215
2387800
2388206
2402250
2405840
9925398908
2412002
9925460840
9925460859
2418702
2419555
2427239
2432832
2433649
2437679
2442742
2442750
2442752
912114771X
9925861519
2456933
2461178
2465475
2465786
3402135
3403828
3407725
9905533109
3415376
3416655
3421850
3425378
3427371
9902744532
9903682905
9904616477
990592986X
9906068701
9906734833
9907602337
990809923X
9908389173
9909159104
9912708091
9913982022
9915905165
9916541256
9918934719
9920901105
9924239075
9901406196
9901588006
9901858097
9902324347
9903119534
9903700938
9904438315
9905161392
9915941013
9916080518
9916367558
9918850434
9918934654
9921030922
9922639696
9901795397
9901934044
9902015085
9903422059
9916074135
9916074151
9916074208
991607433X
9916074356
9916074364
9901933919
990214358X
9903117639
9903422024
9904735190
9916089108
9916089116
9916089132
9916089159
9916111022
8258532
9138039338
9138046539
9138053772
9138063166
9161806951
9161807613
9161808245
3439555
3440898
3441891
9905060626
9905060731
9905060774
9905060839
9912444213
9515830109
9515830133
9515830311
9515830370
9519017224
9519017275
9519017364
9519017437
951901750X
9519017607
9519017739
9519017844
9519017968
9519018034
9519018182
951901831X
9519018417
9519018522
9519018581
9519018697
9519018883
9519018999
9170522340
9170522790
9291208051
9185086126
9185086258
9901724236
9902313701
990231371X
9917902864
9921592882
9138027674
9138032872
9138039001
9138045486
9138053586
9138062356
9138027623
9138033097
9138039354
9138046547
9138053764
9138061627
9161806269
9161807583
9161808210
9161808873
8259286
3466791
9124266566
9124273317
9124289949
9124298743
9124307629
9124314994
3521669
3614141
9138062364
9913230160
9915404255
9917732535
9919845035
9185602361
9185602485
9138062208
3614380
9902735177
9902735185
917492026X
9902734553
9903872496
3614764
3614980
3615016
3615017
3615377
991767358X
9918933305
9901638097
9902044859
9902737196
8260418
3615669
3615758
916180424X
9161807036
9161807699
3615936
3615937
3615939
9173321907
3616152
3616307
9919379352
9919379395
991937945X
3616799
8260488
9138089130
9138098989
9138124602
9185050121
918505013X
3617046
3617172
3617901
8260562
3617929
3618276
3618294
3618314
3618362
3618603
3618729
3618838
8260625
9901830508
9905365125
9907427470
990882743X
9916126895
9916126941
991612695X
9916126968
3619054
9918259906
9922221063
9924548876
3619153
3619555
3619587
3619601
3619637
3619907
3620217
9920862657
9921879952
9924550609
9161806234
9161806897
9161807540
9161808180
9138092921
9138099403
9138121476
9138122413
9138124467
9138126419
9185050156
9185050164
9185050172
9185050180
9912839919
9912839951
9912839986
9912840011
3620566
9917673415
9922340054
9922340070
9922421917
992276766X
9924382455
9924922123
9914539297
3620888
3620944
3620960
3620961
3620986
3620988
3621128
3621250
3621320
3621409
3621452
3621521
3621522
3621576
990152895X
9901710081
9902516416
9916079471
9152000818
3639921
3669077
3678004
9907434930
9908489941
9908490052
9908490109
9909485915
9912576586
9912576616
9912576659
9913765609
9916115494
9918388250
9919521256
9920629693
9922651890
3680050
9138033410
9138039427
9138044722
9138052636
9138059681
3680567
3680724
9901765404
913803803X
913804983X
9138052784
9138057921
917588044X
9175880784
9132503660
9132507410
9171620389
9171620516
9171620788
9171620893
9171620982
9155217567
9155217605
9117580021
9117680026
911798002X
9118080022
9118180027
9152216039
9902539556
9905718516
9905718532
9913350670
9902539513
9913349672
9913349680
9902452388
990245240X
9913349621
991334963X
9902539475
9905718486
9913349605
9913349583
9138030454
9138035960
9138042762
9138050579
9138057069
9138065142
9901446457
9901727332
9901999049
9902650716
9138031809
9138038013
9138045869
9138028662
9138033461
9138039834
9138048043
9138058499
9138058901
9138065606
9901405300
9901778824
9902207014
9902496806
9916251509
9138056518
9138063808
9138038463
9138043106
9138049015
9138056747
9138063751
9138049252
9138057646
9138062232
9138029154
9138034050
9138041472
9138048434
9138055775
9138062216
9138032163
9138038544
9138045362
9138053721
913805955X
9138066882
9902023959
9902688489
9138027364
9138033380
9138038943
9138046229
9138053500
9138060086
9138067307
9138071576
9138027070
9138032651
9138039362
9138046555
9138053780
9138062151
9161806323
9161807621
9161808253
9138066300
9138066319
9138075059
9138075067
9138128659
9138302918
9901818044
9903084056
9138034298
9138045044
9138052385
9138058464
913806491X
9161806358
3683174
9912499980
9138028735
913804188X
913804823X
9138057077
9138061708
9138084309
9138035308
9138053519
913803543X
9138055023
9161807494
9916352496
9138042959
9138065916
9161807982
9903009658
9903010206
9906459395
9906459441
9906459492
990645976X
9907945889
9908730908
9912180399
9913160146
9916033528
9916033536
9916033560
9916033579
9916033609
9916992150
9921444395
3683352
9185050032
9185050067
9901505771
9901725380
9902137954
990263883X
9913486513
9913486548
9134501991
3683612
3683706
9901416094
9915918658
9916103674
9919419516
9921448897
913806216X
9138038447
9138045400
9138053365
9138061295
9138036339
9138045087
9138047179
9138033240
9138044048
9138049961
9138057859
9173320382
9173320846
917332129X
9902623581
9917551514
9922070634
9185600032
9185600040
9185600059
3684102
3684167
3684168
990147907X
9901844045
9902567312
9913294355
9917716459
9917716475
9138042398
9138049430
9138056615
913806300X
9138042401
9138049422
913805440X
9138063018
9161800465
9122013180
9122015043
9122016856
9134501657
9134504850
3684388
9901542294
9913181771
9901518563
9902235182
3684445
3684446
9185050040
9185050059
9185050075
3684578
9161807672
3684866
990169342X
9902251390
9138048256
9138058065
3685029
9138051303
9902469965
990246999X
9916200718
9916200726
3685931
3686132
3686147
3686346
9902300294
9138059444
916180620X
9161806862
9161807516
9161808164
9161808822
3686692
9902847447
9170804966
9161806285
8261854
9903053649
9924549376
9925159725
3687262
3687263
9918819073
9922968185
9185050083
3687335
9514517261
3702634
3734187
990219298X
991607965X
9138040352
9138048051
9138054701
9138061732
9188462196
9188462250
9188462293
3746689
9519564012
9901645867
9163032554
9138026538
9138033445
9138042649
9138059371
9138050293
9138056526
9138724642
916180634X
9161807001
9161807664
9138026260
9138031922
9138039435
9138046164
9138054027
913806071X
9138042274
9138049783
9138057972
9138063654
9991163352
9901408822
9901654653
9902620043
9906117982
9908039733
9913136628
9913120993
9138029456
9138040107
9138052628
9138060396
9138724510
9161806870
9161807524
9161808172
3940696
9920704040
8264436
4108686
4108714
4108722
4108827
4108889
9161806781
4109066
4109067
4109102
8264472
9161806277
9161807591
4109698
9161808539
4110154
9175888807
4110292
4110366
4110498
9161806153
916180679X
9161807427
9161808105
4110607
4110701
4110792
9161806366
9161807028
9161807680
916180777X
9161807788
9161808288
4110872
4110904
9161806250
9161806919
9161807567
8264664
4110984
4110995
9161806161
9161806811
9161807443
9161808113
9161808776
916180617X
916180682X
9161807451
9161808121
9161808784
9161806188
9161806838
916180746X
916180813X
9161808792
916180505X
9161806196
9161806846
9161807478
9161808148
9161808806
8264708
9918462566
992131050X
9161806854
9161806730
4111400
4111412
9918327014
4111531
4111539
4111554
4111568
4111582
4111599
9161806390
9161807044
9197182885
4111682
4111696
4111740
8264771
4111800
4111821
4111915
4111923
9922117681
4112102
4112129
4112142
9161806463
9161806692
9161807605
4112184
4112190
4112221
9920889202
9924140192
9179261027
9179261140
4112249
4112273
9185242934
4112405
4112466
9132429312
9176783707
9916100403
4112875
9197181722
9173448745
8264877
8264878
9197076929
4113067
4113071
992469256X
9161804797
9161806242
9161807559
9161808199
9161808857
4113157
913892319X
9138923246
4113277
9919321591
9161807125
9162207695
9162208594
9162212575
9161806129
8264927
8264934
4113514
8264938
8264939
8264946
9197230200
4113700
4113709
4113735
4113758
4113790
9920161713
9921308890
4341919
4341928
992237580X
4341979
9173984043
9151826933
4342049
4342071
9124166537
9124167266
4342083
4342116
9197252506
4342179
4342183
917099367X
9920626473
8267077
4342228
4342263
4342331
4342371
9173327107
4342490
9197152412
4342564
8267142
4342615
9921920324
4342704
4342786
4342804
4342805
9138923580
9138924625
4342836
4342849
916180794X
9197272000
4342925
9919293857
9171881999
4343007
9922307146
4343083
	
9161808997
9161809268
9163604108
9163604310
9922388499
9922422115
9920888958
9922375877
4343292
4343296
4343342
4343353
9924844947
9924844998
4343417
9922628910
9922628937
4343445
9187474395
9922736063
9922722151
9922325977
9922721503
9922721546
4343511
9187234203
9922773759
9138599236
9924860225
9923252620
9173289744
9923197190
4343752
4343797
9175002124
9923503496
9923503585
9923634736
4344002
4344036
4344054
8267377
4344368
9924226453
9924366794
9139101525
9163055430
9176100685
4344739
8267502
4344934
9175485109
4344952
4344986
4345027
4345108
4345128
8267576
4519415
5397866
5405475
5417001
5417261
5435150
8301050
8301051
5487065
5499396
5514021
5558003
5620333
5620447
5620575
7219078
7220489
7220967
9121588597
7222554
8347844
8347906
9124229393
7226524
8348602
7231384
7231739
7232660
9129599814
9129621674
7268762
7271104
7271210
7271223
7271236
7273316
9905326847
7275709
7275835
7275907
7276079
9903598696
8353292
7276873
7283806
8355166
7316562
7316563
7347320
7350845
9036482828
9036483050
9036483123
9036483158
9036483166
7406320
7411061
9920294748
7413447
7419970
7428162
7431232
7443682
8361807
7444744
7448398
7450358
7450722
7538333
7541099
7542409
7577978
7581046
7581047
7590738
9170803560
9920920002
9919120286
7604832
7612630
9171621628
9171621636
7623612
9172203013
7625541
9172480009
7628757
7630237
7636260
9901612551
9922036665
9177362977
7681683
8377741
7682105
7727531
7731965
7747839
9185356042
7751396
7751398
7751399
7751420
9186246526
9186246569
9186246623
918624664X
9186246704
9186246747
9186246801
9186510126
991398582X
7770054
7770684
7772206
8383114
7787996
7788913
7789064
7790783
9197114405
919721700X
9197252107
7803248
7803487
7808451
7808632
7829544
7835891
9514602447
9515211093
7882654
951649885X
7915399
7916733
7916904
7916921
7916948
7917015
7917032
7917054
7927351
7984435
7985090
7993617
8036221
9970021680
8079782
9991005226
9991280367
8116167
8121043
9991438394
8126352
8129860
8129861
8391143
999162645X
8146756
8146757
8391320
9907790397
8157066
8160197
999194222X
8172491
8180038
9916269203
1564723
1565368
1570461
1578611
1578613
1579007
1581218
1581700
1581856
1582037
1582556
8221952
1582600
1584010
1585379
1585432
1585874
1586150
9922622017
9916600082
1595285
1595984
1596822
1597107
1598249
1598518
1598538
1598539
1599243
9916693854
1611424
1612108
1612110
1612291
1612576
1612882
1612883
1612981
1613216
1613909
1613954
1613993
1614029
1614320
1614387
1615045
9916837996
1615113
1615134
1615299
1615473
9916844585
1615830
1616092
1616468
1616470
1616714
1616800
1616983
1617117
1617136
9916863571
1617670
1618130
9916869820
1618337
1618377
1618639
1619165
1619168
1619321
1621383
9916919054
9916919208
1623481
1623619
1623636
1624446
1625842
1626040
1626256
1626679
1627276
1627427
9916962375
1630822
1630959
1630969
1631322
8222592
1631678
1631684
1631750
1632016
1632094
1632137
1632187
1632278
1632288
1632336
1632479
1632560
1632597
1633331
1633501
1633851
1633868
1633936
1633995
1634146
1634233
1634245
1634406
1634461
1634844
1635048
1635850
1636141
1636291
1636292
1636303
1636435
1636975
1637346
1637899
1638121
1638177
1638808
1638883
9917079297
1639358
1639396
1639500
1639514
991708925X
9917090606
1640153
9923757404
9923757447
9923758044
9923758095
9917544453
992376107X
9923761096
2258562
2261845
2261846
2268661
2269023
2269024
2277707
9924027787
2279489
2289870
2295790
2331466
4608972
4622958
4623492
4624268
4624977
4626673
4626982
0198642237
4634816
4649422
4661676
4719676
4764221
4766700
4791940
5714060
5718850
5724159
5765968
0820423548
5799867
5799869
5849066
8284332
4874381
8286318
4917256
4951507
5013121
5014470
5015453
5019921
5020249
5020616
5021333
5871179
5921395
3784527361
6083370
6122493
6123838
6175799
8322459
8322460
8322461
8322462
8322463
8322464
6226991
6386011
6464155
6505575
6528953
6540160
6543143
6720275
6858075
6862852
6942166
6947877
6979395
6983683
6987008
7133714
7144172
7172281
7176678
8476390327
8346611
7196833
7196834
7199059
7200167
7201201
7202016
5023067
5023458
5023767
5050485
5139293
5141194
5141826
5165897
5171143
5289338
5302019
5308134
5341686
5345097
9901851769
248117
289080
9903894724
9903988273
9904006334
399904
9904162883
402089
411021
415330
9904458278
439627
461485
478739
481514
9905009124
491783
505875
514073
9905453482
559802
569176
573888
588495
9173183121
637880
638174
9906782552
680735
694450
694862
707843
9907747017
8213268
9908204742
817270
884557
886540
901100
918655
926293
974471
975523
1022664
1220813
1238302
9913292050
1285695
1299506
9914910149
9914910173
9915246587
9915595182
1515941
9916197334
1664810
1686434
1687338
1688265
1688348
1708004
1739166
1755168
1766476
9918848286
1946648
1956870
1957082
1974027
9920800309
992082433X
1985339
1988216
1989775
2004802
2039141
2047539
2057874
2057901
2057909
9155228348
2077945
9922377942
2208440
2220267
2254630
2263923
2296487
2313037
2315311
2360875
2374715
2386966
2387579
2453534
9925890519
2462991
2482819
9926159737
2489361
9926238874
9926238912
9926238920
992623920X
2491205
2492613
2492857
2493020
2493206
2493768
2493907
2493961
2493965
2494169
9926273947
9926273955
2494465
2494981
2495062
2495350
9926285260
2495881
2495883
9926289061
2496507
2496621
2498784
9926319815
2499086
2499277
2499722
9926328636
2499906
2499923
2499926
992632973X
2500125
2500215
2500468
2500487
2503869
2503944
9147003812
9926484433
9127606171
9127606201
2529464
2531282
2531437
2531897
2532698
9926671993
9926672000
992667464X
2533206
9926676707
9926676774
9926677886
9926677991
9926680275
9926683401
2534010
2534209
2535305
2536087
2536599
2536662
992671143X
2536790
9926713424
2537172
9926740324
2539571
9926742432
9926742874
9926743218
2539916
9926745016
2540022
2540215
992675175X
2540880
2541341
2541469
2541580
2542808
2542866
9926777252
9926777635
2543271
2543290
2543781
9926785549
9926785557
2544010
2544025
9926786758
9926788661
9926806856
9926807682
9926807712
2546360
9926812244
9926812287
2546806
2547290
2547384
992682045X
2547521
2547578
2548683
2548751
9926836526
2549728
2550166
2550172
2550271
2550278
2551575
9926869289
2552365
9926871917
2552837
9926879306
9926879322
9926879349
9926881157
2554823
2555016
2555250
9926900178
9926900542
9926901506
2555486
9926903282
9926903290
2555650
2555871
2555970
9926907369
9926907377
9926907385
9926907865
9926907962
9926907970
2556148
9926909361
2556284
9926911285
2557505
2557570
992692414X
2557710
2557718
992692607X
9926926096
9926926118
9926926126
9926926134
9926926142
9926926150
9926926169
9926926185
9926926193
9926926215
9926926223
9926926231
992692624X
9926926258
9926926266
9926928749
9926928765
9926928773
2559289
2559633
2559733
9926948359
9926949797
9926949851
9926949924
2560489
2560685
2560830
2560935
2561025
2561242
9926977227
2562928
2563079
2563464
2563932
2564047
9926989667
9926991319
2565625
9927005253
9927006489
9927007302
992700818X
2566101
2566299
2566487
9927017634
2567065
2567819
9927028121
2568222
2568258
2568297
2568515
9927035462
2568977
2569105
2569314
2569436
9927044852
2570665
2570924
9927059620
9927059817
9927059833
2571855
2571961
2571963
2572325
2572504
2572843
2572985
2573165
2573235
2573283
2573487
2573533
2573535
2573554
2573713
2573773
2574216
2574367
2574523
2574667
2574764
9927099479
2576024
2576058
9927113099
9927118236
2576684
2576961
2576974
2577171
2577516
9927127596
2578805
2579133
2580052
2580124
2580217
9927159889
2581559
2581826
2491479
2491506
9926245250
2491782
2491795
9926255043
2582407
2583069
2583482
2583598
2583729
2583785
992719742X
9927197675
9927201060
2585249
2585299
2585553
2585652
2586017
2586054
2587459
2587601
2587603
2587604
2587691
2588213
9927237820
2588550
2588701
2589095
9927244894
9927244932
2589271
2590526
2591367
2591570
2591631
9927273495
9927273525
9927273541
9927273568
2591954
9927277857
2593200
2593319
2594076
2594522
9927301278
2594912
2594915
2594933
2594998
2595000
9927306717
2595960
2596843
2596889
2596964
9927325177
2597139
2597352
2597668
2598059
2598134
2599163
2599222
2599479
992735763X
9927361076
2601328
2601348
2602199
2602340
2602347
9927381395
2602823
2602880
2603185
2603261
8232216
9927392044
9927393628
2603792
2603793
2603794
2603796
2604489
2604539
2605953
2606368
9927421907
9927425724
9927427743
9927427905
9927449186
2609194
2609241
9927450036
2609284
9927450281
2609405
2609490
2609637
2609778
9927456352
9927460597
2610367
9927462697
2610549
9927466900
2611409
2612858
2613028
2613174
9927490429
2613225
2613228
2613381
2614838
2614913
2615810
2615906
2616112
2616575
2616658
2617298
2617410
9927532229
9927532237
9927532245
9927532261
2617837
2617870
2619232
9927553757
2619707
2619973
2620395
2620917
2622280
2622425
2622534
992758461X
2622844
2623251
2624256
2624303
9927601611
9161809438
8264879
4343454
4343497
4343795
8267286
4344846
4344933
4344976
4345378
5012061
5120734
5357842
5419184
5790454
5876095
5930156
5745401877
8364844
7621264
7810044
7915473
8046274
8064917
8065203
990140469X
255185
9902598226
9903621744
375063
388090
9904458235
440539
474788
490553
521660
539570
559988
9906128224
649160
712947
9907580074
764776
9907935948
867001
869117
9909393859
924069
944523
973813
9910061821
980584
987644
1164975
1185245
1209381
1221396
1221675
9912898958
8217752
1309758
1310064
1401764
1419539
1544098
1546866
1558527
1566829
1576773
1579410
1670264
1686231
1715324
1716276
9917970452
1802599
1815639
1841100
1841377
1847189
1909547
9920519278
8226344
1985632
2002338
2006351
2038216
2040731
2055104
2068231
2068288
2068312
2069249
2070771
8227324
2084892
9921914227
2095662
2138078
9922661314
2229063
9923535029
2256667
2270377
2317525
2332617
2335863
9121147736
9121147760
9925858518
9926465358
2521667
992761747X
2625987
9927620888
2626798
2626840
2626917
2627097
9927630107
2627181
2627310
2627391
992763577X
9927635796
2627766
9927646372
9927646623
9927646631
992764664X
9927646658
9927646666
2628784
2628789
2628938
9927648375
992764941X
9927654715
9927657072
2631916
2632409
2632583
9927687370
2633571
2634062
2634361
2634487
2634491
2634492
9927704526
2634551
9927705298
9927707088
9927707169
9927708858
9927708866
2635210
2635253
2635393
2635417
2635485
2635488
2635501
2636029
2636079
2636155
2636496
2637491
2637909
2638434
2638675
9927751060
9927751214
2640273
9927766734
2640746
2640885
2640938
9927770197
2641024
9927772882
9927775059
2641987
2642072
9927781741
9927790473
2643701
2643921
2644137
2644194
2644195
2644547
2644559
2644935
2645789
2645949
2646193
2646204
2646374
992782792X
9927828764
2647019
2647178
2647513
2647535
2647624
2647710
2647745
2648240
2648497
9927855796
2649455
9927857381
9927858809
9927859759
992786051X
2649993
9927875657
2651430
9927882688
2652126
2652447
2652488
2652490
2652492
2652493
2652922
2653105
2654654
2655085
992791394X
9927913958
2655331
2655611
2655729
2657237
2657249
2657259
2657534
2657547
2657608
2657619
2657622
2657631
2657682
9927940548
2657742
2657745
9927940874
2657831
2657878
9927957262
2659477
2659679
2660523
992797163X
9927971656
9927971672
2660971
2660972
9927974191
2661114
9927979452
9927987250
9927987846
2662804
2663073
2663134
9927996586
2663452
2664113
2665300
2665491
2665537
2665677
2666047
2666089
2666293
2666324
9928030170
2666821
2666827
9928033145
2667151
2667304
2667728
2667736
2667806
9928043043
9928045003
2668252
2669727
9928065004
2670346
9928071632
2671306
2671398
9928080461
2671586
992809053X
2672684
2672812
992809425X
2673861
2673972
2674059
2674310
2674311
2674868
2675204
2675316
2675402
2675662
2675715
2676507
2676541
9928132690
2676709
2677111
2677469
2677599
2677637
8232612
2677890
2677992
2677993
2678065
2678321
9928150729
2680577
2680795
2187363
2681577
2681602
2681627
9928184852
2681915
2682591
2682788
9928198527
2683220
2683542
2683721
2683726
2684857
2684971
2685064
2685219
9928219966
9928231176
2686612
992823468X
9928237107
2687200
2688443
2688563
2688793
2688922
2689246
2689289
2689753
2689838
2690006
2690007
2691199
2691213
2691285
9928285632
9928286205
2692025
2692210
2692607
2692620
2692925
2693759
2693994
9928308985
9928310033
9928310041
2694195
9928311013
9928311994
9928317119
9928317488
992831750X
9928317518
9928317542
2694966
2695046
2695049
2696017
2696369
2696423
2696434
2696899
2696997
9928340404
9928343667
8232726
2697564
9928360839
9928365725
2699661
9928372934
9928372950
2700530
2700606
2700737
2700858
2700865
2700866
9928379319
2701088
2701558
2701561
9928386293
2701848
2701883
9928389306
9928389918
2701992
2702042
992839072X
2702517
2702558
2703737
2703798
9928408939
2703962
2703964
9928432538
2706377
9928434603
2706819
2706953
2707030
2707143
2707165
9928442924
2707526
2707565
2708677
9928461139
992846393X
9928465193
9928465290
992846619X
9928466343
2709937
9928485240
2711843
2712786
2713035
9928503206
9928504008
9928504318
2713783
2713907
2714016
2714069
2714070
2714283
9928516707
2717386
2717778
9928551308
2718237
2718238
2718239
2718242
2718243
2718327
2718481
2718485
2718650
9928567174
9928567190
2719745
2719813
2719933
2720028
9928573204
9928573212
2720249
9928577501
9928577536
2721500
2721580
2721981
2722010
2722029
2722111
2722167
2722290
2722599
9928600678
2724395
9928617376
9928618348
2724552
2725252
2725699
9928639876
9928644454
9928646015
2727534
2727725
2727745
9928651612
2727866
2727885
2727918
2728872
992866353X
2729036
9928664412
9928664455
2729090
2729093
2729124
2729136
2729621
2729717
9928671338
9928671346
9928680191
992868023X
2730672
2731346
2731558
2731559
2731560
2731561
2731564
2731575
9928689717
9928690499
2731725
2733250
2733284
2733374
2733409
2733425
2733467
2733513
2733522
2733595
2733691
2733849
9928723435
992872346X
2735077
2735199
2735370
9928729093
2735470
2735850
2735934
2737079
2737230
2737473
2737502
2737589
2737694
2737864
2737998
2738156
2738173
9928757755
2738696
2738762
2739534
2739964
2741018
2741246
2741247
9928789347
9161809381
916180939X
4342620
4344118
4345527
5152515
5300762
5407177
5680628
8317831
6061705
6782749
7363092
7539189
7728010
7847657
8059608
8068114
8072667
8086865
8086866
109001
363770
9904330220
507558
515767
679504
973579
1227272
991348684X
1415499
9914765475
9916703701
9916743762
9917452311
1723618
9919619256
1980423
1980425
1990961
2078931
9921948318
2095741
2098664
9922842173
9923207870
2250701
2281727
2295858
2333752
9928815291
2744176
2744219
2744225
2744278
2744299
2744373
2744378
2744384
2744736
992882486X
2744880
8232971
9928829330
2745569
2745767
9928835012
2746813
2746820
2746989
2747315
2747482
2747721
2748044
2748241
2749137
2749140
2749412
2750000
2750005
2750098
9928879605
992888370X
2750659
2750829
2750865
2750894
992889339X
2751553
2751584
9928893829
2751845
9928896607
9928897298
9928903492
2752654
2752752
2752769
2754248
992892211X
2754398
2754399
2754501
2754518
2754738
2755198
2755267
2755270
2755284
2755291
9928932255
2755995
9928940177
2756235
2756590
2756619
2756676
2757713
9928969744
9928969809
9928969949
2761039
2761041
2761321
9928993939
2761502
2761503
2761606
2761621
2761667
2761847
2762082
2762358
9929014292
2763335
2763412
9929017380
2763703
2763856
9929022201
2764109
2764534
2765031
2765508
2765597
2766052
2766120
2766126
2766135
2766139
2766879
2766880
2766898
2767041
2767181
2767740
2768112
9929066152
2768607
2769201
2769395
9929081143
2770390
2770395
2770653
2770780
9929091521
2770943
3126951
9929092072
9929092595
2771155
2771495
2771726
2772075
2772343
9929085521
5247355
6412073
7823388
421216
9904776482
1279156
1315504
2773570
2773606
2774026
2774359
2774403
2774443
9929129944
9929130586
2774964
2775175
2667438
2776379
2776380
9929147659
2776502
2776514
2776597
9929150277
2776769
992915292X
9929153012
9923934306
2778259
2778286
2778451
2778460
1304397
9929181709
2780338
2780570
2780767
2780803
817264
977694
2782362
2782900
2783052
9929216537
2783349
2783358
2783366
2783368
2783374
9919103950
9929229884
2785078
9929237852
2322021
2786047
2786542
2786545
2786548
2786549
2786662
2786931
2786933
2787316
9929259368
9929260218
9929263993
2788062
4613314
2789036
2789259
9929281355
9929281363
992928138X
2789730
9929284435
2789874
2791030
9929298398
2791265
2791354
9929310541
9929310665
2793263
2147779
2147780
2147781
9929385207
6840556
3280023297
9127606228
1776610
5026282
7544925
4345719
6494624
6401026
7597846
9929625305
9171528423
9171528369
4344635
9162223917
9121147949
9121147957
9929731520
3239693
4113517
9185634395
9185634476
4345439
2898295
4716330
8290737
9170184380
2269025
8290900
2698151
2793762
4113325
9929883347
4771244
7309951
7695570
4343239
9991843167
6505606
9929972188
4344510
912760621X
9197241148
18129
4624681
9121175632
7614593
4344355
5022835
3083252
8065102
2867508
4917339
8267748
8066514
9930138234
4645226
4917741
9930175334
4345518
7711621
9902148352
9922644223
6792174
9930265597
4346001
8234112
8387521
8387532
4346020
4771352
2869880
2872952
2873863
9930185178
9930185186
2879815
2880468
9930241841
6724328
7544435
8239796
8239797
8346227
2884970
2905257
2905310
2905324
2168784
2872727
127842
454804
9908355007
972490
2906230
8234531
4344508
9930293825
2886009
2886026
9907503665
940426
1528010
1536963
1594503
2886171
2886705
2886785
2886938
9930316000
2918747
2889210
2889326
9175226545
9163082152
4771292
1947767
9922332949
2165187
2170858
2204862
2277693
9924808800
9930357742
2891953
2892834
2892965
2893064
2894109
2894226
2894281
2894492
2894536
9930387048
9930393919
2895289
4345376
4345905
4344509
2897534
2897811
2898579
9930428275
2898892
2898952
2899115
2899434
2900175
2900420
2900442
9930458271
2902417
2904171
2904277
2904334
9930487298
2904353
2904608
993049006X
2904819
2905957
2906914
2907002
2907062
9930518401
9930520589
2908743
2909803
2910276
2910280
2911458
2911712
2911748
9930566775
1868032
9930807691
5025637
437023
440737
590506
746714
9908586327
9908621998
1262697
9913261031
1393105
1670547
1809534
1841545
1870057
1981183
2014595
9923878929
2690909
2714750
2913508
2914542
2914616
2914617
2914640
9930594035
2914833
2915742
9930606432
2916014
2916124
2916209
9930637265
2919095
2919202
9930641866
2919453
2919546
2919656
2922165
2922190
9930680527
2923190
2923256
9930682309
9930683038
9930686967
2924363
2924492
2924582
2924804
2924877
9930701702
9930701761
993070177X
993070180X
2925825
2925978
2925999
2926308
9930720669
2927503
2927506
2927510
2927512
2927547
2927548
2927549
2927550
2928255
2928336
2928571
9930738924
2928838
9930742204
2929962
2929977
2931131
2931136
2931186
2931465
2931617
2931748
2931777
2932132
2932219
9930773568
9930780254
2933231
2933487
2933588
2933858
2934767
2935030
2935245
2936298
9121147930
2940828
9139102742
2826244
5949117
387166
9909488205
9912434587
1239088
3074406
2826578
2937240
9930826610
9930829652
9930839291
2940186
2940340
2941123
2942559
2942561
2942565
9930880402
2942615
2942912
2942973
2942974
2943198
2943304
2943311
9930887938
2943341
2943492
2943584
2943619
2944370
2944811
2944927
2945678
9930912665
2946015
2946204
2946766
2947904
2947989
2947990
2948047
2948480
2948628
9930952217
2949704
344365
483355
622717
976656
1671242
9920469211
2950610
2950778
2950841
2951108
2951339
2952772
2953154
2955321
9931014466
4632069
113336
2956965
2957550
2958008
2958068
2261847
2959036
9931054476
2959584
993105705X
9931057076
2959691
2960070
2147782
2269026
2960959
9931073136
2961737
2961932
2088576
2962772
2962808
9903751397
648624
9121175640
2964374
2964746
2964747
2965333
2965652
2965774
9905148809
649285
9907766410
2967122
2967328
2967436
9931139870
1740500
2323197
2323199
2488423
2968171
2968251
2968377
2968561
2968670
7454233
1223830
2969878
2970783
2970947
5625788
1830811
2973489
2973636
2973670
2973975
8059856
2110268
2634026
9931215550
2975667
2975779
2976037
2976058
2976071
2976087
2976191
4717500
0783884419
984464
1671070
9917603689
2978209
2978997
9907697761
9924247434
9924919823
9925722454
9926068626
9926068642
992606907X
992606910X
9926069185
9926069231
9926069274
9926069320
9926069371
9926069436
9926069460
9926069657
9926069681
9926069711
9926069746
9926076378
9926076394
9926076424
9926076785
9926076866
9926076890
9926077668
992607782X
365460
1201402
2979870
2980133
2980552
2980595
9931273542
2981211
2981353
1237990
1250326
9922747022
9931341734
9931342889
2988024
2988340
2988414
2988448
2988581
2988663
2988668
8346982
2990112
2990113
2990129
2990162
2990209
2990231
2990517
2990554
2990623
2990695
2990728
2991002
2991223
2347226
2998709
2998946
2999123
2999781
2999817
2999858
3000033
3000043
3000047
3000078
1818779
3000736
3001129
3001176
3001402
3001488
3001558
3001657
9931206063
9931206071
2976594
9931231521
9931231548
2976863
2976875
9931232471
2981958
2982179
9931286792
2982250
9931287861
993129244X
2982857
2982989
2983146
2983147
9931297123
9931297859
9931298049
9931303697
9931304251
2983883
2983910
9931310154
9931310162
9931310189
9931310928
9931312580
2984751
2984752
9931314907
2985044
2985052
2985273
2985946
2985957
2986087
2986135
2987005
9931338199
2987591
9931379952
2991781
2991990
2991998
993138719X
2992918
9931398116
993139823X
9931398388
2993469
2993481
9931401109
2993878
2993883
2993932
2993939
2993970
2993971
2994250
9931411376
2994594
2994659
9931413891
2994942
2994954
2995103
9931422394
2995789
2995943
9931425237
2996562
9931431261
9931431873
2996707
2996727
2996780
2996786
2996793
9931433736
2996956
2997104
2997143
2997202
9931441585
2997645
2997735
2997742
2997818
2997832
9931445866
9931445912
9931448318
2998258
3001820
3002057
3002115
3002453
9931491132
9931494263
3003001
9931497556
9931499192
3003289
9931502401
9931502479
3004033
9931512555
3005059
9931517115
3005097
3005419
9931521236
3005617
3005628
3005681
9931523395
3005846
9931529385
3006640
3006875
3006949
3007131
3007210
993154175X
9931542454
1976018
2220316
9931065842
3009002
9931561483
3009648
3009679
9931565497
3011252
382778
1565338
3012012
3012015
9931590009
9931590017
3012297
3012302
3012397
3012493
4622043
9909241110
1908479
2080402
2242199
9931610913
3014505
9931613513
3014686
3014823
3014824
3014827
3014832
3014882
3015044
3015095
2673370
3015875
3015940
3015941
3015942
3015946
3015951
3015952
3015953
3015955
3015957
3015959
3015961
3016209
993163149X
9931632909
3016484
3016719
3016797
3017083
3017164
3017167
3018321
3018353
3018370
3018392
3018415
3018572
9931654880
3018726
9931670150
9931670347
1992540
9931679247
3020982
3021000
3021388
9931686219
9931686227
9931686359
9931686537
9931686545
9931686553
3021890
3021990
3022014
3022088
1312364
9931699701
3023095
3023221
3023340
9931710292
9931710454
1169705
9931719028
3025166
3025228
9931725117
9931730641
3026076
3026207
3026824
3027022
9931744146
9931744170
9931744200
9931744243
3027372
3027548
3027810
9931749822
3028120
3022351
3028501
3028872
3029036
3030266
3030413
4346255
1225582
1956413
3031363
3031396
3032070
3032204
3032448
3032451
3032473
3032734
1461406
9923831213
3033878
3033879
3034067
3034321
3034684
3034688
3034876
3035065
3035298
3035349
3035377
5748425
5753648
1245823
2832520
3036671
3037112
3037499
3037597
3037683
9931854340
3038164
9931855401
94239
2310649
3038934
3039010
9931864346
3039847
3039931
3040144
9931876263
2223926
3041248
3041590
3041636
3041639
3041733
3041908
3042116
3042119
3042124
3042460
3042595
3042790
462197
1978659
2311914
3044701
3044703
3044704
3044731
3044798
3044962
9931923830
3045277
3045748
9931933321
3046393
079236127X
896083
991278
9920424692
2153732
9931946644
9931946695
9931946725
9931946741
9931946768
9931946776
3047528
3048412
3048563
3048667
9903925220
1750850
1821857
3049512
3049528
3049621
9931972734
9931977094
3050401
3050824
3050895
3052037
9931996587
3052181
9931998679
3052356
3052670
3052735
3053466
3053495
3053509
3053806
3053809
3053828
3053837
3053951
3053952
3053953
3053955
9932016454
3054468
2336781
2834788
3054958
9932029300
3055305
9932032301
3055665
3055677
9932044008
3057000
3057103
3057599
9932055743
3058339
3058570
3060393
3060403
3060405
3060591
8235608
3060890
3061006
3061383
3061588
3061604
3061675
3061983
3062265
3062311
3062553
3062606
3063442
3063848
3063850
3063881
3063912
3064045
9932118451
3064715
3064908
3065240
3065344
3065387
3065688
3065690
3065691
2075975
9932146870
3066902
9932148601
9932148628
3067140
5657981
992642452X
3068105
9932167193
993216884X
9932170127
9932170321
9932171352
3069389
4645413
2051386
3070651
3070652
9932187445
3071064
3071211
9932192007
9932193585
3071897
3072089
9121175888
9121147922
3072990
9932211826
9932212970
9932216836
7468250
2468102
4346320
3077631
3077801
3078577
5315913
8227475
9932280119
9932280305
3079751
3080178
3080308
3080466
3080467
3080601
9175002922
3081802
3081902
3082055
3082091
993230526X
4623744
4718336
3082872
4343753
28125
1953391
3085289
3085311
3085312
3085313
3085314
3085340
9932339091
3085442
3085472
3085477
3085488
9932340766
9932341495
3085677
6521398
7468282
2236778
3086374
3086422
8233617
9932361771
3087597
3087693
3087786
3087787
3087795
3087802
3087810
3087813
3087908
3088132
9932375829
3089098
9904323666
9932421596
3093423
3093769
3093772
3093776
3094026
9932428310
9932434876
3094721
9932436704
9932436798
9932436801
993243681X
9932436844
9932436852
9932436860
9932436879
9932436887
9932436895
9932436925
9932436933
993243695X
9932436968
9932436976
9932436984
9932436992
993243700X
3094934
9932437034
9932437042
9932437050
9932437077
9932437093
9932437115
9932437123
9932437174
9932437239
9932437247
9932437263
9932437271
9932437298
9932437301
993243731X
9932437328
9932437352
9932437379
9932437409
9932437433
993243745X
9932437468
9932437476
9932437492
9932437506
9932437522
9932437565
9932437573
9932437581
9932438731
993243874X
9932438766
9932443840
9932443956
9932444200
9932444421
3095906
3095907
3095968
3096039
3096063
3096155
9932453056
9932453544
3096570
3096643
9932457507
3083059
9932466670
3097891
3097965
9932468363
3098236
1313899
9932483036
3099864
3099879
3099931
3100910
9932502871
9901588758
2310752
3105035
3105053
3105188
3105472
9932552259
9140625346
9926344518
9932558303
9932561827
3106782
696276
9916012733
583422
1344642
1525094
3108167
3108425
3108426
9932583480
3105720
9904681171
3109481
3109693
9932592862
9932595152
9932595160
9932595179
9932595195
9932595241
993259525X
9932595276
9932595292
1161188
3100412
9932603112
9932603120
3110924
3110949
9932604739
9932605298
3111139
9932606812
9903673388
9932619434
9932619523
3112408
9174868942
9932630438
2271712
3113711
3113805
9924595637
3114196
3114890
3115045
9932682624
3118555
3118751
9932685682
9932686743
9932690333
9932691232
1688550
9932698237
993270086X
3120390
5449059
1182801
1911790
3121437
9932716545
3122841
4346434
9138316927
9162229419
9932770264
3127120
3127139
9932774820
9932774839
9932732575
9932785970
9932785997
3128551
9932787132
3129350
9932795410
7447341
3131519
3131520
1498918
3132745
3133494
3133558
3133846
9924883888
3134411
9932859192
9932859206
68752
690029
3136855
3136862
3137122
3137189
3137190
3137192
3137362
3137424
3137441
2457540
9932893137
3138853
3138907
3138909
1950231
3139798
9932903914
9932904465
1668101
3140580
3140893
9932916137
9932916218
3141165
9932917818
533873
1185243
1185244
3144049
3144127
3144177
3144191
3144197
3144242
3144254
3145082
9932957690
9932957755
3147118
9932977837
3147613
9932985228
3147879
3147888
2015849
2031584
9932988677
993298910X
3149741
3149765
3149792
9933006924
993300994X
3150773
3150790
474962
2070023
9933023195
9933023217
9933023470
9933025449
3151832
447633
1447878
5894453
9933046896
9933049283
5114394
9921907379
3154743
8291228
8217728
3155790
3155914
3156147
3156198
3156324
3156447
4623770
2220258
2220304
3157879
9926966705
9924197259
3109311
3161755
3161759
3162360
3162528
3162688
3162857
9919577448
3103831
3164333
3164334
3164336
3164369
3164448
3164468
8368073
9933159747
3165073
3165186
3165330
3165351
3165563
9933176137
3167879
3167979
3168028
3168129
3168529
957683
9914946321
3168963
816253
1203613
2187364
2187365
2187366
2187367
2187368
2187369
409055
3171339
2253705
3172614
3172923
11817
993324700X
3173906
3174080
3174269
9933259849
9933261231
993326124X
9933261258
9933261266
9933261274
9933261282
3175301
3175421
5306683
3177784
3177831
3177884
2804457
3179293
3179506
9933316974
3180729
128912
871949
9922730456
3181586
3181719
3181917
3181918
455515
957908
9926617352
3182789
9933343173
3183215
3183300
9912910575
3136405
3184098
3184174
3184237
3184356
3184460
3184746
8267784
3185417
3186449
436496
595185
3188806
3189083
7566804
9933415328
9933417827
3190369
1827401
9127606236
3083092
3191095
3191634
3191695
3191827
3191855
3191857
3191922
824018
2204801
3192615
9933442473
9933442694
9933442716
9933442732
993344283X
9933442848
9933442856
3192773
1239545
3193582
3193595
3193625
3193632
3193790
3193826
4697604
1174387
3194847
3195070
9933473832
4459742
9162233645
9121147914
9904330751
2253724
3197861
3197862
3197863
9933496441
3197997
3198247
3199078
9933508911
993351007X
5658277
889724
3200125
3200130
3200572
9933534831
9933534874
9933534882
993353498X
9933534998
9933535005
9933535013
9933535021
9933535102
9933535145
9933535234
9933535242
9933535315
9933535323
9933535374
9933535412
3201892
993353727X
9933542990
3202491
3202494
3202545
9933544764
9933544799
9933544802
9933544845
9933545116
9933545671
993354568X
9933545795
9933546597
3202931
8291276
9907602558
791164
836946
3203604
9933556959
3203873
9933565516
3204849
1842433
3205445
3205530
636562
2668709
3206341
3206486
3207442
3207520
3207550
4836486
6505884
9162229427
2271057345
4452185
8277596
4614542
5515222
9171833382
5018924
8369426
2835387
7062069
7856057
3226320
7489375
8281095
7983972
5114365
5695472
1903016
4922099
2965161
5027836
5348046
5860071701
3264035
9121175896
8283714
8316958
5114411
4731747
4771656
9127614999
4345379
4452226
3128983
4771443
8304240
9915508832
7535317
993403591X
9934036754
9934036851
3207021
9140634299
9934050080
9934050587
9934050935
9934055074
993406569X
9934065878
9934066742
9934066831
8237695
8200341
9934090570
4344463
8309683
3829024800
8237280
3257092
3258482
2844138
2887104
3196486
8355142
2213598304
3235858
9934202875
7849863
390231
9934233274
7543426
8327895
9934272326
9188028011
3272621
8385006
993428801X
5695353
3276463
3276479
3276491
3276564
3276590
4733800
4838775
4834399
8304066
9934374056
7366529
8289176
8346997
5129508
8367951
7569939
8277555
4343686
4624998
9189436369
3307673
8353045
3308673
3309055
7397896
8267259
8311548
7614782
4345831
9934753960
3318202
6706266
7912599
3327651
4344770
7535334
7621473
2875585
8236577
8305097
6149890
6543573
7332825
9984510646
9934923262
6700482
8065231
5749284
8281107
8283512
6734133
6057152
3353908
9935137872
7796012
7796014
0822327546
5515439
7614674
5781264
3230527
6056670
8331601
5509888
7697156
5460326
8355169
5459812
6412086
8037519
3367547
6445475
5810441
6387148
8262589
7403152
9144018460
8310940
5945026
7216039
3312066
7534975
7541626
8283578
5861320322
3286573
4624848
3441940
8291227
8291620
5515472
8356252
5008383
9935398153
999183088X
9935403033
9935405214
9935406369
4346227
8369141
7739890
4452600
8378948
8235825
9164611868
4452529
8305389
8373505
3351909
3351910
8337096
8373435
8040531
3034005202
8388495
8311338
7830596
8277592
7959915
8291224
8291365
7193820
8278586
8294596
8328467
7545346
8319224
0791451593
4989839
8373720
8367914
8286716
8280790
8298343
8310979
8332408
8237405
8301166
8309888
9021532727
8233415
8237784
8237786
8237787
8237788
8237790
8237791
8346572
8292153
8329353
8208556
8319912
8356912
8356926
8356928
8275935
0312238444
8388503
8251694
9935752771
8274426
8277081
8329827
8200046
8267573
8278715
8283640
8297614
8300260
8309521
8322503
8387621
0850364914
8343559
8367981
9935782611
8308101
8310233
8292389
8278023
8281915
8368270
8255722
8284047
8291111
8291481
8317482
8277422
8383402
8285801
8288532
8292433
8296338
9170441995
9170442002
9170442010
9173443611
9173445517
9173450707
9173450871
9189303067
9172012161
9172013095
9172014024
9172014865
9925073847
9928349800
9930522476
9932378380
9934820323
9172014032
991807955X
9188874648
9188513424
9138314622
9138315742
9138317494
9172203765
9172204478
9934763729
9935662535
9923873749
9924571274
9932534714
9935587304
9933488678
9171623523
9171623671
9171623817
9171623973
917162404X
9171624201
9171624287
9171624635
9171624996
9138084929
9138090554
9138095491
9138098849
9138111632
9138112442
9138113023
9138113503
9138303698
9172011238
9172011858
9172012382
9172013222
9172013869
9138312166
918560237X
9185602728
9185602825
9172012439
917201444X
9138057158
9138060671
9138073307
9179300367
9179300456
9121122024
9140109860
9140113078
9140114090
9140116034
9140116905
9140118762
9140718573
9140719340
9147049294
9147049707
9147050586
9174962345
9933681079
992596251X
9932949752
9185314641
9185314714
9185314722
9185314757
9185314781
918531479X
9161810991
916180780X
9161808989
9161809446
9161810711
993535623X
9935356302
9935367142
919734513X
9189586131
9197361372
9189586107
3
9155205488
9155207103
9901557690
9901632501
9902154085
9902448704
9919450456
9924251024
9904995028
9529033966
649157
2569360
3062701
3158440
3158617
3175988
3176183
3176322
3178259
8395820
8079102
8252425
2188981
2832786
2937429
5028726
2706304
358028
3195737
6186764
3104217
3038202
2663222
8367930
8286421
8311500
3113312
1219187
2501424
88411
88407
7948990
8283333
8314732
8311420
6709555
2915905
920656
3214208
1262732
7037283
1633894
1672949
6685135
596983
2457862
2959416
2904348
8778567
979055
6501416
2231058
49894
9909461706
9909462192
9900694104
103074
131877
9901643899
151163
152066
990950846X
166887
2869580517
168186
173946
173956
175505
179376
179377
186014
227599
9900309936
344785
345273
345275
353995
364155
371991
390226
394471
394472
400199
429627
447586
448378
2130413773
472492
480661
486732
486933
8208530
518502
520581
540950
542908
542909
542910
546998
567071
568248
585478
588055
9906161264
600686
631172
9906544023
638665
683089
692427
698174
717633
724088
758680
767788
767789
767790
768854
777074
8213438
808379
821223
990849564X
872118
8214686
900906
900907
900908
902073
9909341344
912975
912978
912979
3680345
1189437
9916335699
9912522087
9912643097
1237970
1274874
1277414
1322858
1334274
1345086
1356394
1376949
9914329667
1382052
1410183
9914760066
1421000
1429913
1430547
1453777
1454907
1460592
8220521
1463180
1469175
1470609
1487111
1542602
9916080844
1545409
9917094865
1645322
1652340
1663019
9917452788
9917496157
1684391
991790137X
1720809
1721214
9920713937
1793643
1821228
1827395
9919410276
1880006
1881112
1923068
1940301
2050192
2050215
2052954
2053017
2072773
2106462
2106463
2120607
2171445
8228307
2177891
2187360
2229280
2379960
2413853
2434578
3402135
3402681
3407725
9905533109
3415376
3416655
3421850
8258219
3423964
3423972
3428495
3431069
3437420
3440898
3466791
3467827
3469844
3483516
3527058
3573314
3574669
3614380
3615758
3615939
3616152
8260488
3617046
3617929
3618294
3618603
3618838
3620166
3620269
3621128
3621409
3665628
3676877
3678004
3683352
8261684
3684445
3685029
3686147
3687262
3687335
3694127
8262830
3839035
3940696
3941229
9920704040
4063902
4087267
4109066
4109102
4110292
4110792
4110995
4111923
4112142
4112184
4112190
4113504
8264938
8264946
4121431
4242071
4338834
4342615
4342786
4342925
4344368
4345034
8267576
8301050
8301051
7428162
7541099
7581046
7581047
7773619
8121042
8121043
8391143
8391153
8391154
9916269203
1567546
9922622017
1602892
2261845
2261846
2269023
2269024
2270102
8317514
6095786
7196833
7196834
727939
9912377885
9916418586
1925458
9924521633
2387579
9926285333
2534930
2535033
2535364
2540543
2543270
2543272
9926784577
9926812201
9926812236
2551488
2551542
2552181
2555246
2556365
2560918
2564045
2564094
2565809
992706134X
2572641
9927128126
2578518
2580364
2584619
2586707
2587918
2588962
2591532
2592108
2598289
2599910
2605170
9927422768
2614174
2620342
2622236
2622281
2623013
2623204
7764249
9900291077
900263
9912781376
2194487
2325285
9121147736
9926465358
9927631022
2627877
2634042
2635633
2638182
9927852894
2649947
992789354X
9927915810
2655686
2660659
2665337
2665733
2666501
2666615
2667071
2667618
9928048460
2676536
9928132704
992813278X
2187363
9928231443
2687018
2687218
2691197
2691426
2702783
2702809
2704532
2708510
2708682
2709281
9928492719
9928494347
2713244
2715695
2720136
2720870
9928617805
2730982
2731344
2738749
8068113
8068114
595150
820612
906519
9909403862
2750838
2750887
2754969
2755369
2757354
2761205
2765266
2765452
9929068643
2768932
2769494
3126951
2772259
2772264
9904776482
9924416023
2781689
2783373
2785618
2790120
2147779
2147780
2147781
3740000279
9171528369
2269025
2858666
18129
3083252
8239796
8239797
8267765
1461005
2886856
9930331824
9175226545
2449333
2891954
2898760
2900188
8234385
2902324
2912182
1868032
1203514
9916192448
2914911
2915027
2919209
9930672362
9930686045
2924758
2924800
2925918
2926034
2927186
9930722254
2927450
9930727426
2933177
3074406
992309569X
9924358597
2947076
2947991
2948672
1972542
2953089
113336
2261847
2147782
2269026
2962026
2964685
2323197
2323199
2970130
2970930
2973811
2973814
9931205210
2634012
2975541
9916103690
9931270950
2988264
2988528
2990499
2991242
2999776
2999937
3000056
3001592
993123301X
9931233044
9931233184
9931281243
2981978
9931297190
2984116
9931310146
2985424
993138090X
993139076X
993139109X
2993148
9931407611
2994208
2994369
2995862
2996540
3003553
3003737
3004752
3005840
3007632
3008995
3009883
3011408
3012414
9931661879
9931686235
9931686243
9931686413
1312364
9931708611
3024937
9931732601
3026945
3027232
9931744294
9931770031
3032065
3032348
3032843
3033859
3037165
9931854367
2818393
2022584
3045089
3045582
3045998
3046288
3047300
3048578
603641
3050035323
9932080209
9932098345
9932102032
9932119032
3064562
9932130796
993213080X
3065421
3067157
3067423
9923361756
3068568
9932216836
2468102
9932262080
3077904
9932270784
3081801
9932305197
3083013
3083251
4343753
3093483
3094861
3094873
9932436712
9932437069
9932437182
9932437417
9932437484
3096917
3096973
9904681171
2234629
9932619973
2271712
3114287
9932690325
3128134
3129349
9932818763
1233943
9932859168
3139452
3139678
3144174
9932967033
3147183
3147250
993298101X
403575
993298907X
3148501
1205959
3151546
2870234
3154039
8217728
9933087797
9933129112
3162360
3162815
993315964X
9933190369
2187364
2187365
2187366
2187367
2187368
2187369
3173890
3174239
441584
3182673
3185684
3163589
9933415344
3191244
3191576
9933443887
9933445456
4697604
3198791
3198792
9933517503
3201304
3201523
3203765
4452156
1842433
2271057345
9171833382
3229533
5860071701
3264035
9121175896
8200341
2213598304
390231
4343686
3327651
2875585
3345983
8262589
3312066
3441940
7365949
9935403033
8235825
3400565
8237784
8237786
8237787
8237788
8237790
8237791
9934924536
8208556
8346355
8200046
8253554
8367981
9935782611
8255722
3484503211
3598219202
3760816185
8395820
2188981
2668410