9466106
11156808
9777236
9465932
9465587
9466002
9466003
9466614
9466615
22115688
9346393
11785957
11427794
11429402
11424016
11428013
11171669
9465816
9466519
9466298
9467071
11427663
10960489
9405960
9775675
12108361
12223898
4366497
9402108
4366179
12044424
4370999
12043893
8680771
9098736
8528258
4366180
12224009
11643861
11643864
11159613
9466174
9465672
9465839
9466129
9466477
9466901
9465617
9465707
9466798
11423378
11424411
9466565
9465804
9466275
9466986
9465560
11199088
11431793
12044335
9466716
9466251
9466567
9466210
5381436
9465535
9465654
9465753
9465984
9466276
9466610
9466329
9466530
9466425
9465618
9466766
11428188
9472507
11428227
11428243
9466856
9466031
9466178
9466436
9466457
9467040
9467090
9470448
9466080
9466732
9466344
9467005
9467080
9466755
9465606
9465725
9465856
9466481
9466828
9465454
9465455
9465477
9465479
9465481
9465483
9465487
9465489
9465592
9465642
9465684
9465761
9465800
9465868
9465960
9466170
9466585
9466659
9465549
9466429
9466826
9466058
9466370
9465457
9465459
9465461
9465465
9465467
9465486
9465495
9465470
9465472
9466260
9465458
9465462
9465464
9465466
9465468
9465471
9465478
9465484
5377618
9465490
9465520
9465475
9466741
9466321
9465616
9465506
9465745
9466908
9465521
9465773
9466016
9466333
9465570
9465701
9466070
9466363
9466730
9465731
9465936
11428223
11425540
9466493
9466562
9470920
9465814
9466385
9465494
9465664
9466110
9465949
9466264
9466566
9466246
9467099
9466097
9466569
9466117
9466462
9465588
9465845
9466316
9466354
9465796
9465926
9466394
12014771
9467059
9466198
9466040
9466681
9465671
9980222
9465830
9466037
9466347
9466693
9466364
9466715
9466592
11156841
4356425
9346397
11797122
9467016
9467097
9465916
9466461
9466859
9465852
9466144
9466515
9466868
9465801
9466522
12044421
9466997
9466460
9466487
9466836
9375375
11166506
11430884
11166067
15125523
15215747
11422641
4356426
9466221
9465613
9465765
9466350
9465686
9465874
9466060
9465652
9466072
9466337
9465546
9465782
9466295
9466147
9466463
9466774
9467008
9467043
9467093
9465540
9466296
9336232
9465559
9465665
9465799
9465741
9466582
9465604
9465724
9465862
9466145
9466448
9466839
9465681
9466044
9466679
9466082
9466389
9466764
9466554
9466068
9466380
9466743
11424310
11430136
11428033
11243400
12044166
11435637
13428810
11427133
12014830
9466807
11166447
11423392
2451227
8614057
9467047
12066934
12067060
11156968
4366181
11427536
11161961
8416531
11429748
9405963
11422765
11171725
11427048
11424664
4368805
11428367
11444016
8528189
8680772
8528183
4366182
4366183
12043806
4442799
12015334
11424498
9466391
11432995
9466612
11156985
11423044
11424543
16550577
12223910
11424095
4366185
9465538
9465662
9465769
9465991
9466287
9466608
9465951
9466202
9466540
9467156
9465746
9043396
9466999
9465715
9466149
9466572
3403875
9466779
12043712
8856043
9365610
4366184
9780383
9465844
9466294
4366186
4366187
15215754
12044028
12044029
9466322
9467046
9465552
9465817
9466390
9466843
9466048
9466695
8856045
4356436
11424292
9466606
9466627
4356428
21518198
21791216
12224212
12224213
12224214
12223901
19285540
12224217
12224635
12224218
12224219
12224220
12224221
11958802
21791218
12224223
12224224
12044410
11567646
19285541
21791219
19285542
12224632
21791221
17955561
12223894
19152324
12223893
12224634
15125461
8856053
4366188
4366189
4366190
4366191
8856054
4366192
4366193
4366194
12044109
4366195
9405970
12044121
12044333
4366196
8528260
8528262
8856056
11433500
9780515
12066969
9405977
9466420
9465501
9466235
9469143
9466719
9466371
9467003
9467082
9466392
9467002
9467086
9466312
9466020
9466712
9467025
9467022
9466644
9466049
9466343
11433454
9405978
11243403
12014673
9466882
11428552
9467000
9466427
9466761
9405979
11425761
11429362
11157001
11422910
11427785
11435607
11427020
11157011
11444087
11427093
9466010
9466616
11823578
9465621
11427521
11157022
9465678
9466136
9465550
9465666
9465784
9465992
9466307
9466649
9466428
9467029
9466991
9466319
9466672
9467052
9465976
9466863
9467035
9466001
9466308
9466728
9466987
9467024
11823575
19524727
11424203
9465517
11433485
11435588
11422754
11430291
11429944
11429158
11429677
11428539
11428037
9466022
11424150
11427867
11430246
11157419
12014801
12015505
9466472
11427000
11424274
11252111
11166478
11424846
11431043
11427149
11428266
4368281
11424732
11427625
11428286
11200112
11429798
11428256
9467054
9466484
11429256
11428135
4366198
9466697
21791224
12224769
12224770
12223854
9778926
11200092
11427036
11433320
11423255
11423961
x5rsffs5vm1vgl3k
11166451
11431632
11919490
11427514
9466360
hqbcxm7bf567x3s0
fn89xb4rcfjp5r87
11423906
13481392
11430038
19882999
10422535
11194035
12014959
11157664
12014985
11430281
9466833
11426780
9467062
11429165
11200079
12066871
11199062
11157032
9771684
12044104
12044191
2253480
11422945
4366199
9776236
10173439
11444088
9465763
9466455
9405980
2254739
11559441
9077509
9466647
11423391
9466286
12044207
8257358
15182399
10760512
9405984
14747188
8856093
11157044
9466891
3405819
11424748
11424637
11424245
11432161
11428553
hqbcx4x6fxrg5dpr
ksdf0jdhhzzg4k4n
11424957
12223892
11425742
11429290
11156695
11427114
11428088
9402107
11430060
11157053
11444090
11435556
11427051
11428171
11199043
11339578
11430250
11424561
11428325
11423673
11423449
11428144
11428208
11444139
11200132
11423628
11432512
11429404
12014682
11200142
11427037
9466214
11423451
11424400
11424797
11428070
11427689
11157099
11428035
11252051
11427949
11428968
11170035
11429122
22115770
12224880
4368810
4366201
12224885
12044356
12043702
9405987
3752408
9405988
11435651
11166131
9465498
12023124
9465760
9466607
11423089
11430225
11193985
4366202
12044398
4127455
12026164
9405990
9769090
11431763
10173441
11157150
9465971
9466266
9466600
8856104
11431240
9778247
8395926
8410643
11430263
11430148
11423844
11423904
11427025
11428342
11429369
11429434
11424779
11427537
8856106
11427087
11156686
4366203
11444124
11427115
11157546
11427668
12224945
12066868
11424365
11423899
11166544
11252145
11427652
11427642
11427038
11429367
9465997
9466617
9467033
9466988
9467191
11423611
11156751
11156720
8856111
12066916
11428077
11435682
3989997
11424138
11432211
11424414
15215309
9785965
12044106
4366204
11435559
4356437
9466421
10882140
3407570
19259137
11424183
11427665
11426994
11259625
11433322
12015821
11423377
4358502
11427057
9774816
11423641
11338788
11430885
11430610
12043875
8856130
4366856
12015279
19882984
4366858
12223867
11424448
9405991
4366205
11432354
11427061
12066991
9774348
9375362
12024238
11200086
11428308
11243020
8455453
11428627
11435592
11670971
9405992
9374634
9346381
9257456
11423802
11166017
12014948
4369057
12044023
9375182
12066996
11429640
12015012
11427752
11200104
11429080
9355580
11422762
9405264
9466036
11423086
11427126
11423353
11432331
11423562
11427150
4368258
9405993
11430981
11166037
9466501
9465667
9465780
9466007
9466300
9466605
8466053
4356429
11428054
9466760
11429453
9466579
4366207
9465595
9346611
9465632
9465747
9465941
9466228
9466551
9466904
9465762
11423980
9466622
9466297
9465605
11674334
9465980
9467015
9465982
9466163
4356430
9466041
9466128
9466030
9466302
9467017
9465917
9466199
9466518
9466877
9467070
9466335
9466336
8431203
9466902
12015048
9466532
9466651
9466596
9466597
9466598
9465989
9465990
9466255
9466256
9466258
9466586
9466587
9466588
9466589
9466099
9466740
9465659
9466021
9466332
9466655
9465699
9466043
9466687
9466802
9466703
9466708
9465565
9465752
9466249
9466726
9465593
9465706
9465840
9466108
9466362
9466720
12014826
12043830
9466528
9465694
9465789
9466061
9466399
9466734
9466431
9466739
11674915
9465776
9465777
9466278
9466279
9466280
9466281
9465522
9465523
9465609
9466014
9466555
9465622
9465979
9466815
11659921
9466325
9465554
9465655
9465786
9466027
9466314
9466626
4366857
9465586
4369124
11422854
9465628
9466146
9465821
9466432
9466745
9465718
9465822
9466393
9466746
9466039
9466320
9466998
9466677
9466073
9466349
9466692
9465563
9466480
9465682
9465797
9465910
12225085
11753051
11427932
11427143
9466141
9465914
9336233
11428813
12044141
11193973
4366209
9405995
12015591
11427030
11427055
11427137
9465503
9466158
9466995
9467034
9467069
9466103
9466374
9466714
9466093
9466074
9465643
9465811
9466240
9466881
11253733
11253914
11424121
4366210
qzkl7hjrnx99tt9b
9465708
9466063
9466793
9465712
11427032
9466177
9466510
11430348
11428467
12014816
11426367
11224451
9466717
9465985
9770669
9466711
9465713
9465860
9466083
9466453
9465442
9466182
9466831
9466065
9465727
11427562
11423116
9465803
12044060
15214333
11347710
11428755
12044199
11428924
8856165
19372070
11166501
9465961
9466713
22139985
12014861
11428870
11423781
11428079
9467153
9465688
9465794
9466033
9466382
9466667
9465558
9465689
9465793
9466032
9466381
9466666
9466756
9466324
9466855
9465981
9466895
9465608
9465865
9466503
9465861
9466475
9466754
11480829
9466131
9466876
11423199
9466824
11427011
11428334
11429078
11427102
11427958
11252180
11823535
11429820
11166213
12014775
4130417
11429063
11435580
11199027
11428168
12025867
11193967
11423419
9465685
9466780
9466413
11243014
11430044
9467076
9465922
12225210
12225212
12225213
12225214
11243022
9466468
9465543
4366173
9466285
9466648
9466219
9466378
9466640
11423282
11429360
11430256
11193998
11166296
12273145
11427027
4366174
11427733
12066942
9466242
9466899
11423413
11675008
11644822
11430450
11427693
11435579
9466165
9465739
9466289
9465937
9466102
12014936
9466485
9466845
9465516
9466702
9466542
9466871
9466148
9466464
9466775
9467010
9467044
9467092
9466017
9466799
9346394
9465630
9465849
9466225
9466818
9057344
9466661
12066958
12014777
9405996
9466825
9465772
9466396
9465583
9465702
9465818
9466101
9466437
9466502
9466781
9466852
8431199
9466858
11432398
9465969
9466268
9466499
9466875
11674997
9465674
9466351
8856179
13259600
12201770
12021308
12024878
11429302
11427052
11423892
11193976
9465939
11424216
11156703
11166419
12015929
qzkl79wlnn1sd9dl
11426993
11199068
11425323
22151976
9465641
11200089
11427111
11428600
8856185
4366176
9465947
9466383
9466668
11423919
12015469
10729420
10729409
9405258
8460175
4366177
4368709
12066866
9465988
9466301
9466674
9465460
9465463
9465469
9465473
9465476
9465492
9465553
9465656
4368199
9786487
9775819
11422644
11823958
9466520
11423371
q1s34djfnflvsvm8
11424499
11430477
21752713
11423982
4366178
9466154
9465795
9466034
9465955
9466384
9466669
9466660
12015019
9465505
4356431
11428718
11428626
11423242
11424096
9466190
9466133
9466419
9466788
4370198
9465950
11426793
11166432
11423476
9185071
9466696
11425592
11422637
11673903
9954502
11424438
11426977
9465673
9466053
9466611
9466409
9465887
9466176
9465986
9466897
9467094
9466125
9466508
9375174
22279770
12225362
8856202
9405278
12043945
9405997
9346398
8856209
12044163
9467088
11423015
11433317
nwhj2hhll94fbk82
11252025
9402089
11429464
9466496
11166461
11425886
11431420
12014874
11338281
11424486
9406015
9466440
9465808
9466069
9466327
9466722
9465566
9406023
4367399
12043960
4366213
8863441
11567612
9406024
3673148
155925
11559454
9406025
12225398
4368470
4366216
9405283
9406027
12044434
8465981
9402018
4369212
9375110
4366217
3960630
8856229
9406031
9321735
9406032
9405285
11166455
4367916
4367918
4367920
4367922
4279009
12225406
9406033
11246426
4366208
11900377
11428465
9472025
9465883
9466561
9466139
9466091
9465572
9465758
9466132
9466535
9466334
11166465
12044437
9466478
9466576
4366219
9895559
4366220
9466346
9466684
9466604
9346367
9772691
9406035
9466557
11427009
11424841
11432312
11427069
11424689
11260216
11427560
11166437
11430457
11422809
9465493
9465504
9465661
9465871
9466282
9466292
9466819
9700788
11427138
12014903
11433507
12067052
11427095
11427062
8856245
11252182
9467056
11427632
11428004
11559418
8528247
19285544
11166472
9465575
9465807
9466066
9466366
9466710
11200110
11424300
11156716
11435571
4366221
9465562
9465669
9465857
9466267
9466673
9467145
11199033
9466880
11429043
12014991
12015289
12014873
9465853
9782668
11428202
9466452
9467007
9465710
9465711
9465935
9466318
9466736
11260051
v3pqcgnrs0x9s654
11428630
11424720
11427003
11427005
11422776
11753229
11166482
11166485
11426980
9466224
9466628
9467075
9466864
9375181
9466558
9466890
10904363
9466423
9466817
9466688
9466785
12067012
9466816
9465647
9466735
9465598
9465850
9466447
9468930
9467051
9465798
9465599
9777778
9466698
9466459
9465577
9465827
9466397
12225490
9406036
12225491
12346480
4369505
11427707
9466331
9365605
9465496
9465737
9466207
9466874
9466293
9466804
9467087
8856253
9466092
9466878
9465507
9465635
9465750
9465944
9466227
9466549
9466905
9465497
9465603
9465722
9466167
9466848
11424246
11426129
11423169
n0mlxb2rld02mlpd
11423277
9468420
9466441
12014689
9466220
9466234
9465866
9466486
11433456
11259850
9465938
9466369
9471378
9466152
9466603
4370547
9465511
9465634
9465749
9465943
9466230
9466550
9466903
9465695
9466057
9466682
11423642
11423590
11423893
9406037
9466514
9466645
11432246
11424239
11427817
11424356
11429830
11423624
11424639
22098843
11259688
9346382
12044263
12044168
12015255
11423278
8465990
11200155
9465734
9465756
9466098
9466107
9466415
9466762
9465740
9466725
9466653
9466654
9465515
9465646
9465952
9466201
9466539
9471756
12014716
3958028
8856263
8268062
10172947
12225548
9466406
4366223
4356432
9466545
12044252
11242614
11428036
11427104
9466222
9466983
9466849
9467048
9406038
9465541
11427006
11435660
11424430
11130594
11428804
11428357
11426982
11426371
11171911
11426730
9466806
11424361
9466794
11424254
19471584
11423095
9405287
11427634
11428399
11430998
9769061
11422636
11428401
11428409
12067064
11171897
11428880
12504497
11423681
11427110
9466490
11423557
11674141
11428301
9365213
11424456
8268096
11429477
9466412
9466993
9467079
11429010
11428191
22129992
4368019
9466656
9465612
9465720
9465876
9466187
9466458
9466846
9465683
9465829
9466126
9466504
9466812
9466434
9465838
9466317
9365604
11426072
11171704
12015978
11423777
11429072
11424323
9465864
9466164
9466894
9466466
11422600
11427863
9466748
9466737
9466368
11423057
8680776
11428372
11424726
11435649
11432608
11435621
11435573
11435610
11435665
11167368
11435576
w4qr9n81t83r5nbt
11424378
11276738
11427770
11424151
11598730
11428514
11429774
11429641
11946743
11426445
9405288
8456073
9077528
11958469
11428787
11430655
13428813
11254002
11423771
11193953
11429533
11200130
11428473
11422930
11422645
11423856
11129888
11424647
11427090
11428067
11424493
11423702
11672265
11422635
11424101
11802449
11422947
11430350
9768833
9465709
9465828
11427643
11427696
11427045
11423202
9466355
9465973
11424715
11424615
nwhj25n7lpflldz3
11427109
11200119
11427729
9406039
11429393
11430795
11423989
11243196
11423382
11166535
11426985
9346388
9406040
11431071
12223912
11422617
9406041
14703979
14697752
4266293
4364691
11423050
11424476
11433029
9466356
4235925
11431226
4442838
4368259
11422800
9465940
9465837
9465863
9466150
9466252
9466791
9465767
9466029
9466495
9466482
9466847
9466650
11826375
11428455
11427047
11429649
11200091
11431820
8856287
12225660
4366224
12044242
4366861
12014872
11435584
11435678
11435620
11428469
9466787
11430596
11171706
11429547
11423769
11753039
11426022
22097534
17097164
11422855
9466675
11429807
11424387
4369287
11431379
11171731
11435570
11157332
11566509
11171680
11424491
11428247
11424573
11423744
11424555
9466339
9466727
4366225
9466024
8856290
12225693
11427604
11647851
11945091
11423886
11426987
9467028
11428955
11427779
9465631
9465754
9465948
9466212
9466552
9466909
9465629
8268093
12131609
9466188
11166569
11427964
11425188
11423477
11199953
12326997
9375116
12015377
12066910
12067068
11673888
11260391
12066946
12067039
12066932
12066924
11428412
8856295
11353002
11353330
11252428
9466680
9466310
9466658
11433020
12066881
11428877
4366226
9466006
9466422
9466537
9466690
9465564
9465644
9465924
9466237
9466599
11424549
11424367
11338689
11338729
1221544
9778248
11429265
9785442
10381331
11243362
11423355
9466078
9466513
9466767
9467030
9467074
9406043
9466241
4356438
11444128
9465888
9777244
9406044
9406046
9466151
9466443
9466768
9465967
9467041
9466629
9779985
9465601
9466056
9466509
9466591
9466271
9466272
9465649
9466000
9466662
9466563
9466196
9465719
9465867
9466122
9466361
9466784
9465929
9466211
9500552
9466517
9465547
9465639
9466038
9466311
9466657
9466841
9402096
11674518
9467077
9466365
19279812
12014798
12015031
11252465
11428865
9466494
9466809
9465975
9466274
4356439
9465534
9465648
9465998
9466265
9406048
9466731
9465820
9466379
9465842
9466263
9471472
9465721
9501182
11337836
9466594
9465544
9465645
9466051
9466341
9466823
9466996
9467039
9467014
9467096
9466261
9465875
9466340
9466618
9466516
9466026
9467061
9466750
9465556
9465774
9466290
9466111
9466724
4366227
9215362
9466079
9465576
9465810
9466832
9465843
9466142
9466476
9466776
12225860
12225861
18690129
11433514
8856308
4366228
11433457
8856315
9336217
9365509
12225893
8268063
4367815
11567423
9346365
4366229
12044340
4369671
12225935
12044343
4366230
8680820
4369556
3981872
12346465
12043902
12043983
8856333
8856336
11242617
8856341
8856343
8856345
4366232
4367027
4367024
8395946
11260063
8856356
12014760
4367040
12015261
12225878
12225879
9465729
9465697
8456095
11171653
11428194
4366231
9406050
11431903
11171928
11430147
11432108
11429294
9406051
11428298
19882977
11433494
11433497
11433498
9466096
9467057
9779879
9465788
11166425
11432111
nwhj2qdplzqfq0tv
11427984
9466090
9784280
3415827
9406052
16580880
12044342
11428788
9465956
11423571
4366233
11429702
11427067
11432688
11156835
11432276
11426991
11253935
11424139
11424260
9465557
9465677
9465815
9466143
9466467
9466795
12020998
10930229
12014787
11430714
9783744
11252227
11427734
11429077
8528259
9406055
11243157
12226135
9346385
11644824
11767492
9375115
12044254
12044103
2835389
11559440
4368547
12301668
4366234
9406053
11567424
12226203
19281151
8268064
8268065
8856413
3517427
9336234
12044461
12044036
9346389
9375198
8614113
12044172
12043530
8856432
9336216
8528180
4366235
4101139
9406054
9365780
9346386
12226262
9365508
4366236
8465892
8528385
4130051
9346387
4368322
12346245
12043986
8856448
12226283
9077511
9375114
11581018
9872561
4366237
9346383
9402007
11643872
11643863
8856473
11342369
4366238
4358182
4366239
4366240
4366241
3982015
3928471
12226372
4366242
3971084
19261619
11644838
4442840
9346380
4436779
8856499
9405289
8856500
4368706
9375119
8268066
11659901
12226404
12044432
12043965
4366882
12044061
12044357
8257253
10552249
9346384
12043800
12043511
12043877
11247665
12226464
14818636
12226479
9406057
11440840
9467148
11429347
11429707
11424207
11253277
11431636
12066890
12016052
12015037
11193990
11426115
9770241
11166339
11423778
11433467
11433458
11423795
11423667
29wxknh60ccrv5n8
11428230
11171923
22093736
11423154
11428825
11166519
11424588
12014937
11423455
11422769
11252096
11424290
11424373
11433323
9466005
11424698
11193940
11427988
fn89x5jkctwvj7n2
11427135
11444131
11427151
11424232
9466095
9466407
9466753
11429909
11423407
11424002
8856553
11426015
11128040
11200135
11429773
11427661
11194030
11427108
11424059
11430394
11428014
12014735
11424416
4442839
12199635
11428472
8268083
9465542
11426406
9467026
9355579
9466705
9466706
9466770
9466401
9467089
9466574
9465730
11428964
11427041
11427058
11428312
11429457
11423682
12226507
12226508
9466885
11424261
11427042
11427076
11430670
11166562
12226509
11432089
11166490
11429812
11431041
11424466
11194019
11428981
11200121
11429336
11166548
11166189
11429796
9780518
11431573
11427557
11428297
11166439
11429284
11427519
11433490
11427073
11424421
11427054
12046758
9466019
13428490
11423964
11253289
11156975
9467053
12015565
9405291
12226523
4366243
4368330
11483143
11249774
9465675
9465791
9465931
9466553
9466889
9465590
9465819
9465569
9465877
11435567
9467050
9466100
9466840
11428923
11423222
11252043
12282638
11253640
11171666
9346308
11430278
11423088
9466209
9466896
9465509
12504792
12015557
9465965
9466590
9467060
11253281
12014990
9467085
9467013
10929004
9466709
9464732
9464478
11649024
9465625
9466008
9465872
9465502
11428536
11424745
11435582
11435586
11166474
11425566
11429924
11423728
11423435
11423727
11424200
11199056
11431849
11426990
11431053
11427066
11423090
11424296
11428908
11427028
11483256
11166047
11429590
11427084
9466064
11422921
11427757
11429475
12015679
11166513
11431729
11427023
12043936
4326904
9346368
11156830
9467098
9466747
11427559
11423229
11174579
11156814
10556272
11423127
11424334
9466067
11424961
9465623
9465957
9466299
9466593
9467091
9466172
9466444
9466783
9465561
9466159
9466328
9466850
9466094
9466857
9467045
9467001
9465928
9466018
9466981
9467019
9466352
9467006
9467084
11171868
11428513
11429775
11423650
11424287
11424570
11423176
11171673
9466081
11424645
11435661
11428490
11431317
12018822
9346395
11427014
11428807
11427654
11426999
11428360
11423719
11424410
9466769
9467058
9466042
9466664
9467042
9465964
9466358
9466088
9467009
8268067
9465970
11424505
11426398
11429169
11428314
11199975
9406058
11171688
11156682
11426424
22139927
4366260
11424475
2268687
9466771
9466138
9466424
9466435
11435561
11430715
9043461
11428234
11435585
4366862
4366261
11435558
11166005
11427077
11426983
11424524
11171854
11429074
4366262
4368974
11426960
11427081
11435587
11429712
11156711
11424462
11424556
11435605
11433314
9466814
18698171
1298841
3418745
9465555
9465805
9466055
9466348
9466678
9466524
9466595
11433906
9185070
11686989
9043422
9406059
11338615
9465539
9466313
9466699
4366263
4366264
11431442
11423405
11166351
11428400
11424842
11428005
11423256
12066989
11423585
11428038
12014757
11423248
8844130
11430558
11433510
12531393
9465832
9466121
9466456
9466801
9345796
12044352
9465580
9465833
9466130
9466417
9466416
9466810
9466811
11423010
8268068
12226642
11753797
11428220
11423173
9405352
4442841
9406060
11426972
dm78tthhbw9g15dv
7g23qw955h6dtknx
12014997
11424086
11429877
ksdf0mrqh99vhvfm
9466527
9466866
11435627
11423939
11156698
8856587
11430496
9465651
9466570
9466113
12067021
12044442
4369125
12066939
9467018
9466233
8856593
12066893
9384808
11428906
11424081
11424847
4366266
8258024
9406063
bk56l05c8n2wj10v
9466238
11433319
4366265
12046933
12044849
9406062
9465755
9466140
9466601
8h34nmx3682l1dpx
ltfg03sdjr6wvc25
4cz0j1872wmdvz2q
29wxgktd00xfh5vg
11427975
11567928
12046931
12046932
4369126
12046934
9402094
11422722
11175538
11423319
8671266
8268069
8680702
12226694
11171847
11429177
9466729
12014915
11427012
12043913
11674942
11166086
11427791
12015586
11427153
11433462
11435630
9465571
9466162
9466465
9465537
9465831
9466085
9466451
9466813
9466886
9465766
9466454
9465728
9465878
9466505
11423415
8856598
9465972
9466243
9466577
9467152
9466035
9466609
9467036
9465983
9467012
9466805
9780929
11427013
9346366
9775727
9466721
11424214
11430405
11424560
12226709
11426595
10143605
4085737
10130847
9771113
11428362
11242607
12014974
12067027
12067062
8614046
12226715
4369127
12226716
8268081
11427018
12283139
11422604
11423036
11171902
11427561
11435574
11423369
11423092
11157588
11428909
11854250
11432311
11157105
11423406
11427534
11200145
11424460
11984661
11444125
gqd19p16dhb7p2g6
11259403
11429895
11427574
11427079
9467095
9466511
9466860
9466620
9466004
9466247
9465946
9467021
9466763
8856607
9465657
9466105
9406064
15153248
9466985
9465785
9466015
9466291
9466639
11171873
9466157
4367774
11427805
11171875
9466373
12226752
12226753
8268070
9375118
11430521
11424616
9466184
11427064
12014837
9466171
11433463
11426979
17096679
12066885
11251952
9465977
11424047
11171877
11427120
11674189
12014940
12015402
9467065
9465854
9466483
12015891
4366268
9466183
19285543
21098528
12226775
4366269
12015007
11423200
11427699
11429014
8268080
12043501
12226785
3420667
12043950
9465500
9466155
9465764
9466273
9466012
9466013
11429652
4367042
9466414
9466792
9465600
11245689
11253285
11171883
4315769
11171889
4436137
11428253
4366270
12226796
9406066
11427015
4cz0fs6b2tdztc27
11423668
9465919
9466175
9466642
11428577
9467072
9773768
9786629
11428195
12014703
9466309
9465670
9465835
11427119
9466206
11156817
11427635
4356433
8856627
12043527
21791251
12015303
4368872
9771118
11426961
12066867
12015069
9465879
9466473
9466907
3978888
11427097
11424590
11427091
11427010
9466185
9466353
9466749
9465480
9465485
9465488
9465781
9465499
9465610
9465726
9465859
9466248
9466479
9465841
9466521
11171656
12015228
8680821
12067031
9375117
4366271
11428637
11429307
12015942
7g23nlj55vtqjgf4
ltfg11mtj32mmpb6
jrcdzvwhgb53k9vm
mvgh2zfsk7tj7nd7
11428947
10960501
14881921
14881922
12014954
9466449
9466820
9466821
11252214
11432607
11444108
11422989
11424688
8466000
9465809
12014690
9466023
9466646
11428216
11428217
9406067
4366859
12014824
11423803
12227020
8268101
11171919
11433455
9466900
9773802
12044438
11243735
15215710
9406068
11166197
11423469
9467011
11429264
9375179
11430657
11253263
11428221
11259745
11199092
11423183
9402103
11431237
12014930
11193934
11429708
11428075
12227073
4368562
12227074
11427118
11430264
9465757
9466676
9465536
9465680
9466046
9466694
9465582
9466367
9465696
9466254
4366272
11427667
9778831
11677574
11193939
11428207
9466153
11171700
9501198
11422866
11427695
11427694
9406069
9786376
9365536
9466375
9466112
9466377
9466581
9466315
11171914
9465963
12066937
11427636
11430956
4442789
9346396
9406070
11430265
11430819
8268071
11429817
4370096
11431302
9466357
9466665
11426969
12015592
11428397
10109483
9465962
9465742
9466387
11243015
8258166
9466488
11427606
9466054
9375178
11806547
9466707
11259611
8856643
9465735
9466166
9466822
17096361
11259578
9466342
9471721
11435565
11427075
11427074
11429622
11423630
11429792
9466400
11429771
11432573
11424557
9466193
12227105
4366273
18046296
11260205
11423784
12067010
12015401
8856650
11260241
11424003
12015667
8268073
4358183
15180456
11431936
11429196
11428206
11156823
11427136
11432989
11166494
11430116
4366274
8856658
8856659
8528248
8268074
8856662
11166205
11429458
12014710
12227143
9402102
12014832
4366275
9465884
11424204
14856095
4368984
12227162
11423918
11423712
9336215
11429299
12019792
12022996
11427971
11428041
12014791
11427103
11427026
9465921
9466250
9465615
9465732
9465881
9466179
9466492
9466500
9465524
9465996
9466670
11423333
11252211
11427909
11427132
8856672
11428835
17096364
11427820
11427154
9406071
11423913
9465596
9465806
9466161
9466398
9466765
9466834
9466089
9466359
9467083
9465578
9465573
11426964
11166593
9466410
9466691
4366276
12227195
12227197
10380740
10380843
9466086
9466326
9465775
9466109
9466489
9467149
10172949
10173438
10173440
11431691
9465510
9465633
9465748
9465942
9466229
9466547
9466827
9467151
9465968
9466180
9466835
9467004
9467038
9465870
9466169
9466837
9467147
9466204
9466838
11424279
9466104
12023330
9465611
11430269
8856677
12016003
9466445
9466262
9466135
8528263
11428385
12227239
4366277
9406072
11424964
9465545
9465624
9465882
9466197
9466879
9466497
8680770
4cz0h1h62dbd8tc0
4356441
11430257
11259510
11430416
9773893
11166057
12227249
12223905
9466742
9465824
9466077
9466789
9465880
9466531
9466011
9466637
9465589
11259249
11240325
9784376
11193981
9466851
9406073
11429275
11242728
11423950
9466873
12014799
4366278
11430298
11431264
11424201
11427868
9465525
11171910
11432654
v3pq9h7bsjfwvs8p
11430647
11166031
9465594
9466411
11427089
11427637
gp9brk33d03v69fp
11435622
11427670
11435566
11428193
8856686
9465759
9466556
9467185
9465812
9466134
9466446
9466752
9465581
9465705
9465813
9466050
9466402
9466772
11424595
9466239
9771789
9465640
9465771
9466189
9466686
4367861
11427086
11428618
12014867
9465770
12044220
11428438
8431955
9466867
11424149
11427989
9466546
11429540
9467027
9465482
11428515
11429776
11429326
11428639
9466491
9465653
9465958
9465526
9466288
9466584
11432526
9466217
11753481
9406075
8856691
11430299
9465591
9465704
9465825
9466084
9466386
9466701
21791256
9406076
4367406
4366279
8856693
9465846
11253302
11432143
11423340
801793
11166526
4367833
11492713
11432508
12227925
11247474
9465508
9465658
9465966
9466305
9466636
11423732
4368257
4369557
11431601
11428925
11430681
11429325
12023235
12226529
9770634
11423264
11428287
11428587
11733928
11426499
11426064
9778392
21791257
12015373
11423707
11423837
9465933
9466304
9466683
9467023
9467068
9465886
4367819
12227400
11233463
11429878
11424347
11253294
11431971
11426974
11422942
11427633
11171661
11426988
11426962
11427098
9465918
9466403
9466992
9466568
11428988
15215760
11423453
11430634
9466808
11194025
11427763
11428039
9465607
8h34nlf06vr0qtqs
11428695
11424849
11433525
11422734
11435575
11427865
11424370
11429559
11428762
11427524
9784369
11423643
11430458
11435564
11193986
22279668
10929019
11427071
11427040
11432405
11429692
9466025
9466624
9465693
11429361
11428214
11429241
11430048
9465638
11428532
9466990
11199058
11424168
9465514
11199046
11428824
11426470
11435636
11429642
11427152
11428597
11424354
11428292
4366280
9466583
11166092
11427107
11433316
11435562
12015847
11428579
11443307
11428484
11430277
11423135
9466226
11428711
11424164
11432517
9465953
9466685
11430133
12227451
11200105
11427985
9466534
9466884
8856716
11423177
11424691
11422848
11427800
11423541
9465994
9466638
9465723
9466245
9466625
9466507
9466733
9465614
9466052
9466395
9466778
11428213
11428263
12015816
11200147
11432285
11426971
4356434
9465619
9465736
9465925
9466181
9466525
9500680
9465834
9466543
9466800
9466115
9466634
9466270
9466803
9465826
9466118
9466512
4101136
9336236
12177901
11424288
9466160
9467063
11940151
9466844
9465513
9465855
9786336
8856718
4366281
8856721
11427016
11423533
11427100
11428383
9465692
11194000
9466892
11130201
11424277
11427039
11156671
11429166
11431206
11426984
4366282
11427754
11428071
11427021
11428040
12042953
11424401
11428998
9467020
11423301
s1mn66wpqrn1wv80
11667485
11252557
11252556
11925944
9406077
11427024
11427004
11426998
11426992
11428058
11423665
11431325
11171716
8856724
11426591
9466059
9466663
11422626
11427783
11427657
12014868
11427516
11427019
11252469
11252470
11424665
11424282
11253306
4366283
4367453
12044289
11433003
9465858
9466156
9466471
9466865
9465717
9406078
9466236
9466758
9402100
9465848
9466578
9465698
9466526
11639277
9466533
9466872
9465584
9465993
9466718
9466213
9466306
9466277
9466244
9465778
9466538
9466192
11433489
11435595
11426968
12044209
11427648
11674069
12044245
12227571
12043839
12044286
12044285
12044284
12043994
20875454
11429934
9375363
12227577
11253969
12067036
4368539
12066905
9466989
9467067
9466613
9465679
9466127
9466757
9465690
9466450
10577017
10577020
12066982
12014793
11426978
11429685
11429391
12744579
9406079
10691451
12296479
11253916
11431196
9467049
11424572
9465743
9465923
9466208
9466536
9466910
9465626
8682182
9465602
9465585
9465703
9465768
9466045
9466405
9466623
3992229
11199097
11428260
11428261
11428048
11427049
11444114
11259959
11427044
11430043
11428812
11435568
9466759
9466186
4369031
4368256
11427029
11426965
11430422
11428244
4370680
12015386
10351697
9466404
9466790
9406080
12043788
9466323
8856745
11496079
11259900
11252452
9772844
8856749
11433483
11253605
11428663
11428015
11170022
9406081
9466602
4369006
4266294
9346407
11199956
12014961
12227637
11430262
11166422
22115694
11427139
11428930
9466559
9467032
9466062
9466641
11429495
9465548
9465687
12043863
11260523
11425972
11166527
11433495
11429145
11427144
11427060
11423390
11422761
11199966
11199969
11423414
11423075
8856754
4128896
9466114
9466372
9466751
11427085
11157272
11427008
9466529
11432498
9465518
9465920
10960499
9466573
9466898
9466635
9466087
9466376
9466738
9467037
9467081
11338636
11559446
12044399
13425720
12066912
12066968
11958478
12044117
12226786
12044241
11243848
11675056
12015073
9465700
9466071
9466338
9466689
8680701
9406082
4366285
9465691
9466215
9466137
4366284
9465792
9466124
9466773
12014719
9467078
9465738
9466862
9466853
9465597
9336235
9466883
9467055
9465783
12066904
11166013
11171918
11423207
11424482
11430276
19882975
11428322
11426507
11199983
19275946
11199981
12227737
21791261
11443288
11252044
11427002
11427145
11427148
11427031
11428068
11427147
11429004
9465512
9465636
9465751
9465945
9466203
9466548
9466906
9466433
9465934
9466194
9466541
9466893
8856764
11432110
11428384
11433321
12227717
9465567
9465744
9365778
11422739
9406083
4369217
4366286
9466345
9465519
9466223
11427105
11737227
11422877
11753059
9466168
9466621
9467154
9466560
11429932
11424366
11427022
11427112
11166486
9465660
11424837
11426600
11428462
11424299
9465637
9465959
9466630
9465676
9465851
9466200
9466575
9465568
9465987
9466123
9466426
9466797
12148821
11171892
11199040
11429001
9466796
9466439
11422961
4366860
9465716
9465836
9466388
9466047
9466544
8682181
12227792
11423080
8466002
11338705
11200116
9406084
19271261
11431049
9466205
9466028
9466631
12014919
9465847
11424787
11429023
11427140
11252142
11200122
9465627
12015070
9465873
8680822
12014785
11200125
9466704
9466218
9466506
9466869
11194006
11429062
10960494
11427517
22119286
12227829
11427035
12227834
11167385
11423484
11424154
11430660
11429399
11432236
11428634
11423809
11422837
12227841
12227842
12227843
12227844
4366287
11567437
9406085
9466119
9466829
9466994
9467064
9465802
9406086
9466782
9465974
9402099
9465650
9466470
11430980
9406087
11428089
11428501
11435577
11435628
11426635
11428398
11427141
11422778
11428042
11430373
11428073
11424415
11166608
11424695
19882970
9467031
11424092
11252063
11252064
9785291
12014825
11426986
8258617
8856781
9466173
11200115
11427669
11429189
9465779
9466643
9465930
9466652
9466303
9466120
9466474
9466442
9466786
9466571
9467066
9466523
12067074
11429083
9466283
9466633
11427072
11428319
11429392
12066955
11426784
11935476
11422870
9465668
11427955
11427957
11429766
11431059
11253309
11422916
11427001
11430518
11427080
11424062
11423629
10248555
11424079
11171866
12141145
12044190
11427568
11427128
9772189
11428074
11430135
11193928
11424704
11424256
9466887
9466861
9466854
11423033
11428414
11424068
11423223
11427649
4366496
11424383
11423666
9346406
4367416
9465885
11423730
11423284
11423285
11423286
11423283
12227901
9466418
11428786
11433481
11423933
11423115
9466269
11130507
9466195
9466580
12227929
11659928
4356435
21791264
12227923
12227924
9406088
11569747
4368240
9406056
9215363
19259138
9405337
4368241
20919885
21791265
21791266
12227928
12227930
12227931
12227932
12227934
15214378
12044261
12044274
12227935
12227936
12227937
4365837
12200235
4365838
4365839
4365840
12227939
4368239
12227942
12227943
12227944
12227945
12227946
12227947
12227948
12227949
9466231
12067040
11171880
9466870
11428047
11428006
11429810
12223859
4366290
9465579
11424585
3748579
12227913
12200226
11766305